134 255
134 256
134 257
134 258
134 259
134 260
134 261
134 262
134 263
134 264
134 265
134 266
134 267
134 268
134 269
134 270
134 271
134 272
134 273
134 274
134 275
134 276
134 277
134 278
134 279
134 280
134 281
134 282
134 283
134 284
134 285
134 286
134 287
134 288
134 289
134 290
134 291
134 292
134 293
134 294
134 295
134 296
134 297
134 298
134 299
134 300
134 301
134 302
134 303
134 304
134 305
134 306
134 307
134 308
134 309
134 310
134 311
134 312
134 313
134 314
134 315
134 316
134 317
134 318
134 319
134 320
134 321
134 322
134 323
134 324
134 325
135 242
135 243
135 244
135 245
135 246
135 247
135 248
135 249
135 250
135 251
135 252
135 253
135 254
135 255
135 256
135 257
135 258
135 259
135 260
135 261
135 262
135 263
135 264
135 265
135 266
135 267
135 268
135 269
135 270
135 271
135 272
135 273
135 274
135 275
135 276
135 277
135 278
135 279
135 280
135 281
135 282
135 283
135 284
135 285
135 286
135 287
135 288
135 289
135 290
135 291
135 292
135 293
135 294
135 295
135 296
135 297
135 298
135 299
135 300
135 301
135 302
135 303
135 304
135 305
135 306
135 307
135 308
135 309
135 310
135 311
135 312
135 313
135 314
135 315
135 316
135 317
135 318
135 319
135 320
135 321
135 322
135 323
135 324
135 325
135 326
135 327
135 328
135 329
135 330
135 331
135 332
135 333
135 334
135 335
135 336
135 337
135 338
135 339
135 340
135 341
135 369
135 370
135 371
135 372
136 232
136 233
136 234
136 235
136 236
136 237
136 238
136 239
136 240
136 241
136 242
136 243
136 244
136 245
136 246
136 247
136 248
136 249
136 250
136 251
136 252
136 253
136 254
136 255
136 256
136 257
136 258
136 259
136 260
136 261
136 262
136 263
136 264
136 265
136 266
136 267
136 268
136 269
136 270
136 271
136 272
136 273
136 274
136 275
136 276
136 277
136 278
136 279
136 280
136 281
136 282
136 283
136 284
136 285
136 286
136 287
136 288
136 289
136 290
136 291
136 292
136 293
136 294
136 295
136 296
136 297
136 298
136 299
136 300
136 301
136 302
136 303
136 304
136 305
136 306
136 307
136 308
136 309
136 310
136 311
136 312
136 313
136 314
136 315
136 316
136 317
136 318
136 319
136 320
136 321
136 322
136 323
136 324
136 325
136 326
136 327
136 328
136 329
136 330
136 331
136 332
136 333
136 334
136 335
136 336
136 337
136 338
136 339
136 340
136 341
136 342
136 343
136 344
136 345
136 346
136 347
136 348
136 349
136 350
136 351
136 352
136 353
136 354
136 355
136 356
136 357
136 358
136 359
136 360
136 361
136 362
136 363
136 364
136 365
136 366
136 367
136 368
136 369
136 370
136 371
136 372
136 373
137 225
137 226
137 227
137 228
137 229
137 230
137 231
137 232
137 233
137 234
137 235
137 236
137 237
137 238
137 239
137 240
137 241
137 242
137 243
137 244
137 245
137 246
137 247
137 248
137 249
137 250
137 251
137 252
137 253
137 254
137 255
137 256
137 257
137 258
137 259
137 260
137 261
137 262
137 263
137 264
137 265
137 266
137 267
137 268
137 269
137 270
137 271
137 272
137 273
137 274
137 275
137 276
137 277
137 278
137 279
137 280
137 281
137 282
137 283
137 284
137 285
137 286
137 287
137 288
137 289
137 290
137 291
137 292
137 293
137 294
137 295
137 296
137 297
137 298
137 299
137 300
137 301
137 302
137 303
137 304
137 305
137 306
137 307
137 308
137 309
137 310
137 311
137 312
137 313
137 314
137 315
137 316
137 317
137 318
137 319
137 320
137 321
137 322
137 323
137 324
137 325
137 326
137 327
137 328
137 329
137 330
137 331
137 332
137 333
137 334
137 335
137 336
137 337
137 338
137 339
137 340
137 341
137 342
137 343
137 344
137 345
137 346
137 347
137 348
137 349
137 350
137 351
137 352
137 353
137 354
137 355
137 356
137 357
137 358
137 359
137 360
137 361
137 362
137 363
137 364
137 365
137 366
137 367
137 368
137 369
137 370
137 371
137 372
137 373
138 216
138 217
138 218
138 219
138 220
138 221
138 222
138 223
138 224
138 225
138 226
138 227
138 228
138 229
138 230
138 231
138 232
138 233
138 234
138 235
138 236
138 237
138 238
138 239
138 240
138 241
138 242
138 243
138 244
138 245
138 246
138 247
138 248
138 249
138 250
138 251
138 252
138 253
138 254
138 255
138 256
138 257
138 258
138 259
138 260
138 261
138 262
138 263
138 264
138 265
138 266
138 267
138 268
138 269
138 270
138 271
138 272
138 273
138 274
138 275
138 276
138 277
138 278
138 279
138 280
138 281
138 282
138 283
138 284
138 285
138 286
138 287
138 288
138 289
138 290
138 291
138 292
138 293
138 294
138 295
138 296
138 297
138 298
138 299
138 300
138 301
138 302
138 303
138 304
138 305
138 306
138 307
138 308
138 309
138 310
138 311
138 312
138 313
138 314
138 315
138 316
138 317
138 318
138 319
138 320
138 321
138 322
138 323
138 324
138 325
138 326
138 327
138 328
138 329
138 330
138 331
138 332
138 333
138 334
138 335
138 336
138 337
138 338
138 339
138 340
138 341
138 342
138 343
138 344
138 345
138 346
138 347
138 348
138 349
138 350
138 351
138 352
138 353
138 354
138 355
138 356
138 357
138 358
138 359
138 360
138 361
138 362
138 363
138 364
138 365
138 366
138 367
138 368
138 369
138 370
138 371
138 372
138 373
139 215
139 216
139 217
139 218
139 219
139 220
139 221
139 222
139 223
139 224
139 225
139 226
139 227
139 228
139 229
139 230
139 231
139 232
139 233
139 234
139 235
139 236
139 237
139 238
139 239
139 240
139 241
139 242
139 243
139 244
139 245
139 246
139 247
139 248
139 249
139 250
139 251
139 252
139 253
139 254
139 255
139 256
139 257
139 258
139 259
139 260
139 261
139 262
139 263
139 264
139 265
139 266
139 267
139 268
139 269
139 270
139 271
139 272
139 273
139 274
139 275
139 276
139 277
139 278
139 279
139 280
139 281
139 282
139 283
139 284
139 285
139 286
139 287
139 288
139 289
139 290
139 291
139 292
139 293
139 294
139 295
139 296
139 297
139 298
139 299
139 300
139 301
139 302
139 303
139 304
139 305
139 306
139 307
139 308
139 309
139 310
139 311
139 312
139 313
139 314
139 315
139 316
139 317
139 318
139 319
139 320
139 321
139 322
139 323
139 324
139 325
139 326
139 327
139 328
139 329
139 330
139 331
139 332
139 333
139 334
139 335
139 336
139 337
139 338
139 339
139 340
139 341
139 342
139 343
139 344
139 345
139 346
139 347
139 348
139 349
139 350
139 351
139 352
139 353
139 354
139 355
139 356
139 357
139 358
139 359
139 360
139 361
139 362
139 363
139 364
139 365
139 366
139 367
139 368
139 369
139 370
139 371
139 372
139 373
140 215
140 216
140 217
140 218
140 219
140 220
140 221
140 222
140 223
140 224
140 225
140 226
140 227
140 228
140 229
140 230
140 231
140 232
140 233
140 234
140 235
140 236
140 237
140 238
140 239
140 240
140 241
140 242
140 243
140 244
140 245
140 246
140 247
140 248
140 249
140 250
140 251
140 252
140 329
140 330
140 331
140 332
140 333
140 334
140 335
140 336
140 337
140 338
140 339
140 340
140 341
140 342
140 343
140 344
140 345
140 346
140 347
140 348
140 349
140 350
140 351
140 352
140 353
140 354
140 355
140 356
140 357
140 358
140 359
140 360
140 361
140 362
140 363
140 364
140 365
140 366
140 367
140 368
140 369
140 370
140 371
140 372
140 373
141 214
141 215
141 216
141 217
141 218
141 219
141 220
141 221
141 222
141 223
141 224
141 225
141 226
141 227
141 228
141 229
141 230
141 231
141 232
141 233
141 234
141 235
141 236
141 237
141 238
141 239
141 345
141 346
141 347
141 348
141 349
141 350
141 351
141 352
141 353
141 354
141 355
141 356
141 357
141 358
141 359
141 360
141 361
141 362
141 363
141 364
141 365
141 366
141 367
141 368
141 369
141 370
141 371
141 372
142 214
142 215
142 216
142 217
142 218
142 219
142 220
142 221
142 222
142 223
142 224
142 225
142 226
142 227
142 228
142 229
142 230
143 214
143 215
143 216
143 217
143 218
143 219
143 220
143 221
143 222
143 223
143 224
144 214
144 215
144 216
144 217
144 218
144 219
144 220
144 221
144 222
144 223
144 224
144 225
144 226
144 227
145 214
145 215
145 216
145 217
145 218
145 219
145 220
145 221
145 222
145 223
145 224
145 225
145 226
145 227
145 228
146 215
146 216
146 217
146 218
146 219
146 220
146 221
146 222
146 223
146 224
146 225
146 226
146 227
146 228
146 229
147 219
147 220
147 221
147 222
147 223
147 224
147 225
147 226
147 227
147 228
147 229
147 230
147 231
148 222
148 223
148 224
148 225
148 226
148 227
148 228
148 229
148 230
148 231
148 232
149 224
149 225
149 226
149 227
149 228
149 229
149 230
149 231
149 232
149 233
150 226
150 227
150 228
150 229
150 230
150 231
150 232
150 233
150 234
150 235
151 227
151 228
151 229
151 230
151 231
151 232
151 233
151 234
151 235
151 236
152 228
152 229
152 230
152 231
152 232
152 233
152 234
152 235
152 236
152 237
153 229
153 230
153 231
153 232
153 233
153 234
153 235
153 236
153 237
153 238
154 231
154 232
154 233
154 234
154 235
154 236
154 237
154 238
154 239
154 240
155 232
155 233
155 234
155 235
155 236
155 237
155 238
155 239
155 240
155 241
156 233
156 234
156 235
156 236
156 237
156 238
156 239
156 240
156 241
156 242
156 243
157 235
157 236
157 237
157 238
157 239
157 240
157 241
157 242
157 243
157 244
158 236
158 237
158 238
158 239
158 240
158 241
158 242
158 243
158 244
158 245
158 246
159 237
159 238
159 239
159 240
159 241
159 242
159 243
159 244
159 245
159 246
159 247
160 239
160 240
160 241
160 242
160 243
160 244
160 245
160 246
160 247
160 248
160 249
161 240
161 241
161 242
161 243
161 244
161 245
161 246
161 247
161 248
161 249
161 250
162 242
162 243
162 244
162 245
162 246
162 247
162 248
162 249
162 250
162 251
162 252
163 243
163 244
163 245
163 246
163 247
163 248
163 249
163 250
163 251
163 252
163 253
164 245
164 246
164 247
164 248
164 249
164 250
164 251
164 252
164 253
164 254
164 255
165 246
165 247
165 248
165 249
165 250
165 251
165 252
165 253
165 254
165 255
165 256
166 248
166 249
166 250
166 251
166 252
166 253
166 254
166 255
166 256
166 257
166 258
167 249
167 250
167 251
167 252
167 253
167 254
167 255
167 256
167 257
167 258
167 259
168 251
168 252
168 253
168 254
168 255
168 256
168 257
168 258
168 259
168 260
168 261
169 252
169 253
169 254
169 255
169 256
169 257
169 258
169 259
169 260
169 261
169 262
170 254
170 255
170 256
170 257
170 258
170 259
170 260
170 261
170 262
170 263
170 264
171 255
171 256
171 257
171 258
171 259
171 260
171 261
171 262
171 263
171 264
171 265
172 257
172 258
172 259
172 260
172 261
172 262
172 263
172 264
172 265
172 266
172 267
173 258
173 259
173 260
173 261
173 262
173 263
173 264
173 265
173 266
173 267
173 268
173 269
174 260
174 261
174 262
174 263
174 264
174 265
174 266
174 267
174 268
174 269
174 270
175 261
175 262
175 263
175 264
175 265
175 266
175 267
175 268
175 269
175 270
175 271
175 272
176 263
176 264
176 265
176 266
176 267
176 268
176 269
176 270
176 271
176 272
176 273
176 274
177 265
177 266
177 267
177 268
177 269
177 270
177 271
177 272
177 273
177 274
177 275
178 266
178 267
178 268
178 269
178 270
178 271
178 272
178 273
178 274
178 275
178 276
178 277
179 268
179 269
179 270
179 271
179 272
179 273
179 274
179 275
179 276
179 277
179 278
179 279
180 269
180 270
180 271
180 272
180 273
180 274
180 275
180 276
180 277
180 278
180 279
180 280
180 281
181 271
181 272
181 273
181 274
181 275
181 276
181 277
181 278
181 279
181 280
181 281
181 282
181 283
182 273
182 274
182 275
182 276
182 277
182 278
182 279
182 280
182 281
182 282
182 283
182 284
183 275
183 276
183 277
183 278
183 279
183 280
183 281
183 282
183 283
183 284
183 285
183 286
184 277
184 278
184 279
184 280
184 281
184 282
184 283
184 284
184 285
184 286
184 287
184 288
185 278
185 279
185 280
185 281
185 282
185 283
185 284
185 285
185 286
185 287
185 288
185 289
185 290
185 532
185 533
185 534
185 535
186 280
186 281
186 282
186 283
186 284
186 285
186 286
186 287
186 288
186 289
186 290
186 291
186 531
186 532
186 533
186 534
186 535
186 536
187 282
187 283
187 284
187 285
187 286
187 287
187 288
187 289
187 290
187 291
187 292
187 293
187 531
187 532
187 533
187 534
187 535
187 536
188 284
188 285
188 286
188 287
188 288
188 289
188 290
188 291
188 292
188 293
188 294
188 529
188 530
188 531
188 532
188 533
188 534
188 535
188 536
189 286
189 287
189 288
189 289
189 290
189 291
189 292
189 293
189 294
189 295
189 296
189 527
189 528
189 529
189 530
189 531
189 532
189 533
189 534
189 535
189 536
190 287
190 288
190 289
190 290
190 291
190 292
190 293
190 294
190 295
190 296
190 297
190 298
190 524
190 525
190 526
190 527
190 528
190 529
190 530
190 531
190 532
190 533
190 534
190 535
190 536
191 289
191 290
191 291
191 292
191 293
191 294
191 295
191 296
191 297
191 298
191 299
191 522
191 523
191 524
191 525
191 526
191 527
191 528
191 529
191 530
191 531
191 532
191 533
191 534
191 535
192 290
192 291
192 292
192 293
192 294
192 295
192 296
192 297
192 298
192 299
192 300
192 301
192 520
192 521
192 522
192 523
192 524
192 525
192 526
192 527
192 528
192 529
192 530
192 531
192 532
192 533
192 534
193 292
193 293
193 294
193 295
193 296
193 297
193 298
193 299
193 300
193 301
193 302
193 517
193 518
193 519
193 520
193 521
193 522
193 523
193 524
193 525
193 526
193 527
193 528
193 529
193 530
193 531
194 294
194 295
194 296
194 297
194 298
194 299
194 300
194 301
194 302
194 303
194 304
194 515
194 516
194 517
194 518
194 519
194 520
194 521
194 522
194 523
194 524
194 525
194 526
194 527
194 528
194 529
195 295
195 296
195 297
195 298
195 299
195 300
195 301
195 302
195 303
195 304
195 305
195 513
195 514
195 515
195 516
195 517
195 518
195 519
195 520
195 521
195 522
195 523
195 524
195 525
195 526
195 527
196 297
196 298
196 299
196 300
196 301
196 302
196 303
196 304
196 305
196 306
196 307
196 511
196 512
196 513
196 514
196 515
196 516
196 517
196 518
196 519
196 520
196 521
196 522
196 523
196 524
196 525
197 298
197 299
197 300
197 301
197 302
197 303
197 304
197 305
197 306
197 307
197 308
197 309
197 508
197 509
197 510
197 511
197 512
197 513
197 514
197 515
197 516
197 517
197 518
197 519
197 520
197 521
197 522
198 300
198 301
198 302
198 303
198 304
198 305
198 306
198 307
198 308
198 309
198 310
198 506
198 507
198 508
198 509
198 510
198 511
198 512
198 513
198 514
198 515
198 516
198 517
198 518
198 519
198 520
199 301
199 302
199 303
199 304
199 305
199 306
199 307
199 308
199 309
199 310
199 311
199 312
199 503
199 504
199 505
199 506
199 507
199 508
199 509
199 510
199 511
199 512
199 513
199 514
199 515
199 516
199 517
199 518
200 303
200 304
200 305
200 306
200 307
200 308
200 309
200 310
200 311
200 312
200 313
200 501
200 502
200 503
200 504
200 505
200 506
200 507
200 508
200 509
200 510
200 511
200 512
200 513
200 514
200 515
201 305
201 306
201 307
201 308
201 309
201 310
201 311
201 312
201 313
201 499
201 500
201 501
201 502
201 503
201 504
201 505
201 506
201 507
201 508
201 509
201 510
201 511
201 512
201 513
202 306
202 307
202 308
202 309
202 310
202 311
202 312
202 313
202 496
202 497
202 498
202 499
202 500
202 501
202 502
202 503
202 504
202 505
202 506
202 507
202 508
202 509
202 510
202 511
203 308
203 309
203 310
203 311
203 312
203 313
203 494
203 495
203 496
203 497
203 498
203 499
203 500
203 501
203 502
203 503
203 504
203 505
203 506
203 507
203 508
204 307
204 308
204 309
204 310
204 311
204 312
204 313
204 408
204 409
204 410
204 411
204 492
204 493
204 494
204 495
204 496
204 497
204 498
204 499
204 500
204 501
204 502
204 503
204 504
204 505
204 506
205 305
205 306
205 307
205 308
205 309
205 310
205 311
205 312
205 313
205 407
205 408
205 409
205 410
205 411
205 412
205 489
205 490
205 491
205 492
205 493
205 494
205 495
205 496
205 497
205 498
205 499
205 500
205 501
205 502
205 503
205 504
206 301
206 302
206 303
206 304
206 305
206 306
206 307
206 308
206 309
206 310
206 311
206 312
206 313
206 407
206 408
206 409
206 410
206 411
206 412
206 487
206 488
206 489
206 490
206 491
206 492
206 493
206 494
206 495
206 496
206 497
206 498
206 499
206 500
206 501
207 297
207 298
207 299
207 300
207 301
207 302
207 303
207 304
207 305
207 306
207 307
207 308
207 309
207 310
207 311
207 312
207 313
207 407
207 408
207 409
207 410
207 411
207 412
207 485
207 486
207 487
207 488
207 489
207 490
207 491
207 492
207 493
207 494
207 495
207 496
207 497
207 498
207 499
208 295
208 296
208 297
208 298
208 299
208 300
208 301
208 302
208 303
208 304
208 305
208 306
208 307
208 308
208 309
208 310
208 311
208 312
208 407
208 408
208 409
208 410
208 411
208 412
208 482
208 483
208 484
208 485
208 486
208 487
208 488
208 489
208 490
208 491
208 492
208 493
208 494
208 495
208 496
208 497
209 293
209 294
209 295
209 296
209 297
209 298
209 299
209 300
209 301
209 302
209 303
209 304
209 305
209 306
209 307
209 308
209 309
209 310
209 407
209 408
209 409
209 410
209 411
209 412
209 480
209 481
209 482
209 483
209 484
209 485
209 486
209 487
209 488
209 489
209 490
209 491
209 492
209 493
209 494
210 291
210 292
210 293
210 294
210 295
210 296
210 297
210 298
210 299
210 300
210 301
210 302
210 303
210 304
210 305
210 306
210 307
210 308
210 407
210 408
210 409
210 410
210 411
210 412
210 477
210 478
210 479
210 480
210 481
210 482
210 483
210 484
210 485
210 486
210 487
210 488
210 489
210 490
210 491
210 492
211 289
211 290
211 291
211 292
211 293
211 294
211 295
211 296
211 297
211 298
211 299
211 300
211 301
211 302
211 303
211 304
211 406
211 407
211 408
211 409
211 410
211 411
211 412
211 475
211 476
211 477
211 478
211 479
211 480
211 481
211 482
211 483
211 484
211 485
211 486
211 487
211 488
211 489
212 287
212 288
212 289
212 290
212 291
212 292
212 293
212 294
212 295
212 296
212 297
212 298
212 299
212 300
212 406
212 407
212 408
212 409
212 410
212 411
212 473
212 474
212 475
212 476
212 477
212 478
212 479
212 480
212 481
212 482
212 483
212 484
212 485
212 486
212 487
213 285
213 286
213 287
213 288
213 289
213 290
213 291
213 292
213 293
213 294
213 295
213 296
213 297
213 298
213 405
213 406
213 407
213 408
213 409
213 410
213 411
213 470
213 471
213 472
213 473
213 474
213 475
213 476
213 477
213 478
213 479
213 480
213 481
213 482
213 483
213 484
213 485
214 283
214 284
214 285
214 286
214 287
214 288
214 289
214 290
214 291
214 292
214 293
214 294
214 295
214 296
214 405
214 406
214 407
214 408
214 409
214 410
214 468
214 469
214 470
214 471
214 472
214 473
214 474
214 475
214 476
214 477
214 478
214 479
214 480
214 481
214 482
215 281
215 282
215 283
215 284
215 285
215 286
215 287
215 288
215 289
215 290
215 291
215 292
215 293
215 294
215 405
215 406
215 407
215 408
215 409
215 410
215 466
215 467
215 468
215 469
215 470
215 471
215 472
215 473
215 474
215 475
215 476
215 477
215 478
215 479
215 480
216 279
216 280
216 281
216 282
216 283
216 284
216 285
216 286
216 287
216 288
216 289
216 290
216 291
216 404
216 405
216 406
216 407
216 408
216 409
216 410
216 463
216 464
216 465
216 466
216 467
216 468
216 469
216 470
216 471
216 472
216 473
216 474
216 475
216 476
216 477
216 478
217 277
217 278
217 279
217 280
217 281
217 282
217 283
217 284
217 285
217 286
217 287
217 288
217 289
217 404
217 405
217 406
217 407
217 408
217 409
217 461
217 462
217 463
217 464
217 465
217 466
217 467
217 468
217 469
217 470
217 471
217 472
217 473
217 474
217 475
218 275
218 276
218 277
218 278
218 279
218 280
218 281
218 282
218 283
218 284
218 285
218 286
218 287
218 404
218 405
218 406
218 407
218 408
218 409
218 459
218 460
218 461
218 462
218 463
218 464
218 465
218 466
218 467
218 468
218 469
218 470
218 471
218 472
218 473
219 273
219 274
219 275
219 276
219 277
219 278
219 279
219 280
219 281
219 282
219 283
219 284
219 285
219 403
219 404
219 405
219 406
219 407
219 408
219 409
219 457
219 458
219 459
219 460
219 461
219 462
219 463
219 464
219 465
219 466
219 467
219 468
219 469
219 470
219 471
220 271
220 272
220 273
220 274
220 275
220 276
220 277
220 278
220 279
220 280
220 281
220 282
220 283
220 403
220 404
220 405
220 406
220 407
220 408
220 455
220 456
220 457
220 458
220 459
220 460
220 461
220 462
220 463
220 464
220 465
220 466
220 467
220 468
221 268
221 269
221 270
221 271
221 272
221 273
221 274
221 275
221 276
221 277
221 278
221 279
221 280
221 281
221 402
221 403
221 404
221 405
221 406
221 407
221 408
221 453
221 454
221 455
221 456
221 457
221 458
221 459
221 460
221 461
221 462
221 463
221 464
221 465
221 466
222 266
222 267
222 268
222 269
222 270
222 271
222 272
222 273
222 274
222 275
222 276
222 277
222 278
222 279
222 402
222 403
222 404
222 405
222 406
222 407
222 451
222 452
222 453
222 454
222 455
222 456
222 457
222 458
222 459
222 460
222 461
222 462
222 463
222 464
223 264
223 265
223 266
223 267
223 268
223 269
223 270
223 271
223 272
223 273
223 274
223 275
223 276
223 277
223 402
223 403
223 404
223 405
223 406
223 407
223 449
223 450
223 451
223 452
223 453
223 454
223 455
223 456
223 457
223 458
223 459
223 460
223 461
223 462
224 262
224 263
224 264
224 265
224 266
224 267
224 268
224 269
224 270
224 271
224 272
224 273
224 274
224 275
224 401
224 402
224 403
224 404
224 405
224 406
224 407
224 447
224 448
224 449
224 450
224 451
224 452
224 453
224 454
224 455
224 456
224 457
224 458
224 459
224 460
225 260
225 261
225 262
225 263
225 264
225 265
225 266
225 267
225 268
225 269
225 270
225 271
225 272
225 273
225 401
225 402
225 403
225 404
225 405
225 406
225 445
225 446
225 447
225 448
225 449
225 450
225 451
225 452
225 453
225 454
225 455
225 456
225 457
225 458
226 258
226 259
226 260
226 261
226 262
226 263
226 264
226 265
226 266
226 267
226 268
226 269
226 270
226 271
226 401
226 402
226 403
226 404
226 405
226 406
226 443
226 444
226 445
226 446
226 447
226 448
226 449
226 450
226 451
226 452
226 453
226 454
226 455
226 456
227 256
227 257
227 258
227 259
227 260
227 261
227 262
227 263
227 264
227 265
227 266
227 267
227 268
227 269
227 400
227 401
227 402
227 403
227 404
227 405
227 441
227 442
227 443
227 444
227 445
227 446
227 447
227 448
227 449
227 450
227 451
227 452
227 453
228 254
228 255
228 256
228 257
228 258
228 259
228 260
228 261
228 262
228 263
228 264
228 265
228 266
228 267
228 400
228 401
228 402
228 403
228 404
228 405
228 439
228 440
228 441
228 442
228 443
228 444
228 445
228 446
228 447
228 448
228 449
228 450
228 451
229 253
229 254
229 255
229 256
229 257
229 258
229 259
229 260
229 261
229 262
229 263
229 264
229 265
229 399
229 400
229 401
229 402
229 403
229 404
229 405
229 437
229 438
229 439
229 440
229 441
229 442
229 443
229 444
229 445
229 446
229 447
229 448
229 449
230 251
230 252
230 253
230 254
230 255
230 256
230 257
230 258
230 259
230 260
230 261
230 262
230 263
230 399
230 400
230 401
230 402
230 403
230 404
230 435
230 436
230 437
230 438
230 439
230 440
230 441
230 442
230 443
230 444
230 445
230 446
230 447
231 249
231 250
231 251
231 252
231 253
231 254
231 255
231 256
231 257
231 258
231 259
231 260
231 261
231 399
231 400
231 401
231 402
231 403
231 404
231 433
231 434
231 435
231 436
231 437
231 438
231 439
231 440
231 441
231 442
231 443
231 444
231 445
232 247
232 248
232 249
232 250
232 251
232 252
232 253
232 254
232 255
232 256
232 257
232 258
232 259
232 398
232 399
232 400
232 401
232 402
232 403
232 404
232 431
232 432
232 433
232 434
232 435
232 436
232 437
232 438
232 439
232 440
232 441
232 442
232 443
233 245
233 246
233 247
233 248
233 249
233 250
233 251
233 252
233 253
233 254
233 255
233 256
233 257
233 398
233 399
233 400
233 401
233 402
233 403
233 429
233 430
233 431
233 432
233 433
233 434
233 435
233 436
233 437
233 438
233 439
233 440
233 441
234 243
234 244
234 245
234 246
234 247
234 248
234 249
234 250
234 251
234 252
234 253
234 254
234 255
234 398
234 399
234 400
234 401
234 402
234 403
234 427
234 428
234 429
234 430
234 431
234 432
234 433
234 434
234 435
234 436
234 437
234 438
234 439
235 241
235 242
235 243
235 244
235 245
235 246
235 247
235 248
235 249
235 250
235 251
235 252
235 253
235 397
235 398
235 399
235 400
235 401
235 402
235 424
235 425
235 426
235 427
235 428
235 429
235 430
235 431
235 432
235 433
235 434
235 435
235 436
235 437
236 239
236 240
236 241
236 242
236 243
236 244
236 245
236 246
236 247
236 248
236 249
236 250
236 251
236 397
236 398
236 399
236 400
236 401
236 402
236 422
236 423
236 424
236 425
236 426
236 427
236 428
236 429
236 430
236 431
236 432
236 433
236 434
236 435
237 237
237 238
237 239
237 240
237 241
237 242
237 243
237 244
237 245
237 246
237 247
237 248
237 249
237 396
237 397
237 398
237 399
237 400
237 401
237 402
237 420
237 421
237 422
237 423
237 424
237 425
237 426
237 427
237 428
237 429
237 430
237 431
237 432
237 433
238 235
238 236
238 237
238 238
238 239
238 240
238 241
238 242
238 243
238 244
238 245
238 246
238 247
238 396
238 397
238 398
238 399
238 400
238 401
238 418
238 419
238 420
238 421
238 422
238 423
238 424
238 425
238 426
238 427
238 428
238 429
238 430
238 431
239 233
239 234
239 235
239 236
239 237
239 238
239 239
239 240
239 241
239 242
239 243
239 244
239 245
239 396
239 397
239 398
239 399
239 400
239 401
239 416
239 417
239 418
239 419
239 420
239 421
239 422
239 423
239 424
239 425
239 426
239 427
239 428
239 429
240 231
240 232
240 233
240 234
240 235
240 236
240 237
240 238
240 239
240 240
240 241
240 242
240 243
240 395
240 396
240 397
240 398
240 399
240 400
240 401
240 414
240 415
240 416
240 417
240 418
240 419
240 420
240 421
240 422
240 423
240 424
240 425
240 426
240 427
241 229
241 230
241 231
241 232
241 233
241 234
241 235
241 236
241 237
241 238
241 239
241 240
241 241
241 395
241 396
241 397
241 398
241 399
241 400
241 413
241 414
241 415
241 416
241 417
241 418
241 419
241 420
241 421
241 422
241 423
241 424
241 425
242 227
242 228
242 229
242 230
242 231
242 232
242 233
242 234
242 235
242 236
242 237
242 238
242 239
242 395
242 396
242 397
242 398
242 399
242 400
242 411
242 412
242 413
242 414
242 415
242 416
242 417
242 418
242 419
242 420
242 421
242 422
242 423
243 225
243 226
243 227
243 228
243 229
243 230
243 231
243 232
243 233
243 234
243 235
243 236
243 237
243 394
243 395
243 396
243 397
243 398
243 399
243 409
243 410
243 411
243 412
243 413
243 414
243 415
243 416
243 417
243 418
243 419
243 420
243 421
244 223
244 224
244 225
244 226
244 227
244 228
244 229
244 230
244 231
244 232
244 233
244 234
244 235
244 394
244 395
244 396
244 397
244 398
244 399
244 407
244 408
244 409
244 410
244 411
244 412
244 413
244 414
244 415
244 416
244 417
244 418
244 419
245 221
245 222
245 223
245 224
245 225
245 226
245 227
245 228
245 229
245 230
245 231
245 232
245 233
245 234
245 393
245 394
245 395
245 396
245 397
245 398
245 399
245 405
245 406
245 407
245 408
245 409
245 410
245 411
245 412
245 413
245 414
245 415
245 416
245 417
246 220
246 221
246 222
246 223
246 224
246 225
246 226
246 227
246 228
246 229
246 230
246 231
246 232
246 393
246 394
246 395
246 396
246 397
246 398
246 404
246 405
246 406
246 407
246 408
246 409
246 410
246 411
246 412
246 413
246 414
246 415
247 218
247 219
247 220
247 221
247 222
247 223
247 224
247 225
247 226
247 227
247 228
247 229
247 230
247 393
247 394
247 395
247 396
247 397
247 398
247 402
247 403
247 404
247 405
247 406
247 407
247 408
247 409
247 410
247 411
247 412
247 413
248 216
248 217
248 218
248 219
248 220
248 221
248 222
248 223
248 224
248 225
248 226
248 227
248 228
248 392
248 393
248 394
248 395
248 396
248 397
248 398
248 400
248 401
248 402
248 403
248 404
248 405
248 406
248 407
248 408
248 409
248 410
248 411
249 214
249 215
249 216
249 217
249 218
249 219
249 220
249 221
249 222
249 223
249 224
249 225
249 226
249 392
249 393
249 394
249 395
249 396
249 397
249 398
249 399
249 400
249 401
249 402
249 403
249 404
249 405
249 406
249 407
249 408
249 409
249 410
250 212
250 213
250 214
250 215
250 216
250 217
250 218
250 219
250 220
250 221
250 222
250 223
250 224
250 392
250 393
250 394
250 395
250 396
250 397
250 398
250 399
250 400
250 401
250 402
250 403
250 404
250 405
250 406
250 407
250 408
251 210
251 211
251 212
251 213
251 214
251 215
251 216
251 217
251 218
251 219
251 220
251 221
251 222
251 391
251 392
251 393
251 394
251 395
251 396
251 397
251 398
251 399
251 400
251 401
251 402
251 403
251 404
251 405
251 406
252 208
252 209
252 210
252 211
252 212
252 213
252 214
252 215
252 216
252 217
252 218
252 219
252 220
252 391
252 392
252 393
252 394
252 395
252 396
252 397
252 398
252 399
252 400
252 401
252 402
252 403
252 404
253 206
253 207
253 208
253 209
253 210
253 211
253 212
253 213
253 214
253 215
253 216
253 217
253 218
253 390
253 391
253 392
253 393
253 394
253 395
253 396
253 397
253 398
253 399
253 400
253 401
253 402
254 205
254 206
254 207
254 208
254 209
254 210
254 211
254 212
254 213
254 214
254 215
254 216
254 389
254 390
254 391
254 392
254 393
254 394
254 395
254 396
254 397
254 398
254 399
254 400
254 401
255 203
255 204
255 205
255 206
255 207
255 208
255 209
255 210
255 211
255 212
255 213
255 214
255 387
255 388
255 389
255 390
255 391
255 392
255 393
255 394
255 395
255 396
255 397
255 398
255 399
256 201
256 202
256 203
256 204
256 205
256 206
256 207
256 208
256 209
256 210
256 211
256 212
256 213
256 385
256 386
256 387
256 388
256 389
256 390
256 391
256 392
256 393
256 394
256 395
256 396
256 397
257 199
257 200
257 201
257 202
257 203
257 204
257 205
257 206
257 207
257 208
257 209
257 210
257 211
257 383
257 384
257 385
257 386
257 387
257 388
257 389
257 390
257 391
257 392
257 393
257 394
257 395
258 197
258 198
258 199
258 200
258 201
258 202
258 203
258 204
258 205
258 206
258 207
258 208
258 209
258 380
258 381
258 382
258 383
258 384
258 385
258 386
258 387
258 388
258 389
258 390
258 391
258 392
258 393
258 394
259 195
259 196
259 197
259 198
259 199
259 200
259 201
259 202
259 203
259 204
259 205
259 206
259 207
259 378
259 379
259 380
259 381
259 382
259 383
259 384
259 385
259 386
259 387
259 388
259 389
259 390
259 391
259 392
259 393
260 193
260 194
260 195
260 196
260 197
260 198
260 199
260 200
260 201
260 202
260 203
260 204
260 205
260 376
260 377
260 378
260 379
260 380
260 381
260 382
260 383
260 384
260 385
260 386
260 387
260 388
260 389
260 390
260 391
260 392
260 393
261 192
261 193
261 194
261 195
261 196
261 197
261 198
261 199
261 200
261 201
261 202
261 203
261 374
261 375
261 376
261 377
261 378
261 379
261 380
261 381
261 382
261 383
261 384
261 385
261 386
261 387
261 388
261 389
261 390
261 391
261 392
261 393
262 190
262 191
262 192
262 193
262 194
262 195
262 196
262 197
262 198
262 199
262 200
262 201
262 372
262 373
262 374
262 375
262 376
262 377
262 378
262 379
262 380
262 381
262 382
262 383
262 384
262 385
262 387
262 388
262 389
262 390
262 391
262 392
263 189
263 190
263 191
263 192
263 193
263 194
263 195
263 196
263 197
263 198
263 199
263 370
263 371
263 372
263 373
263 374
263 375
263 376
263 377
263 378
263 379
263 380
263 381
263 382
263 383
263 387
263 388
263 389
263 390
263 391
263 392
264 187
264 188
264 189
264 190
264 191
264 192
264 193
264 194
264 195
264 196
264 197
264 198
264 367
264 368
264 369
264 370
264 371
264 372
264 373
264 374
264 375
264 376
264 377
264 378
264 379
264 380
264 381
264 386
264 387
264 388
264 389
264 390
264 391
264 392
265 186
265 187
265 188
265 189
265 190
265 191
265 192
265 193
265 194
265 195
265 196
265 365
265 366
265 367
265 368
265 369
265 370
265 371
265 372
265 373
265 374
265 375
265 376
265 377
265 378
265 379
265 386
265 387
265 388
265 389
265 390
265 391
266 185
266 186
266 187
266 188
266 189
266 190
266 191
266 192
266 193
266 194
266 363
266 364
266 365
266 366
266 367
266 368
266 369
266 370
266 371
266 372
266 373
266 374
266 375
266 376
266 377
266 386
266 387
266 388
266 389
266 390
266 391
267 183
267 184
267 185
267 186
267 187
267 188
267 189
267 190
267 191
267 192
267 193
267 361
267 362
267 363
267 364
267 365
267 366
267 367
267 368
267 369
267 370
267 371
267 372
267 373
267 374
267 375
267 385
267 386
267 387
267 388
267 389
267 390
268 182
268 183
268 184
268 185
268 186
268 187
268 188
268 189
268 190
268 191
268 359
268 360
268 361
268 362
268 363
268 364
268 365
268 366
268 367
268 368
268 369
268 370
268 371
268 372
268 385
268 386
268 387
268 388
268 389
268 390
269 180
269 181
269 182
269 183
269 184
269 185
269 186
269 187
269 188
269 189
269 190
269 357
269 358
269 359
269 360
269 361
269 362
269 363
269 364
269 365
269 366
269 367
269 368
269 369
269 370
269 384
269 385
269 386
269 387
269 388
269 389
269 390
270 179
270 180
270 181
270 182
270 183
270 184
270 185
270 186
270 187
270 188
270 354
270 355
270 356
270 357
270 358
270 359
270 360
270 361
270 362
270 363
270 364
270 365
270 366
270 367
270 368
270 384
270 385
270 386
270 387
270 388
270 389
271 177
271 178
271 179
271 180
271 181
271 182
271 183
271 184
271 185
271 186
271 187
271 352
271 353
271 354
271 355
271 356
271 357
271 358
271 359
271 360
271 361
271 362
271 363
271 364
271 365
271 366
271 384
271 385
271 386
271 387
271 388
271 389
272 175
272 176
272 177
272 178
272 179
272 180
272 181
272 182
272 183
272 184
272 185
272 186
272 350
272 351
272 352
272 353
272 354
272 355
272 356
272 357
272 358
272 359
272 360
272 361
272 362
272 363
272 364
272 383
272 384
272 385
272 386
272 387
272 388
272 389
273 174
273 175
273 176
273 177
273 178
273 179
273 180
273 181
273 182
273 183
273 184
273 348
273 349
273 350
273 351
273 352
273 353
273 354
273 355
273 356
273 357
273 358
273 359
273 360
273 361
273 383
273 384
273 385
273 386
273 387
273 388
273 389
274 174
274 175
274 176
274 177
274 178
274 179
274 180
274 181
274 182
274 183
274 184
274 185
274 346
274 347
274 348
274 349
274 350
274 351
274 352
274 353
274 354
274 355
274 356
274 357
274 358
274 359
274 383
274 384
274 385
274 386
274 387
274 388
275 174
275 175
275 176
275 177
275 178
275 179
275 180
275 181
275 182
275 183
275 184
275 185
275 186
275 187
275 188
275 189
275 344
275 345
275 346
275 347
275 348
275 349
275 350
275 351
275 352
275 353
275 354
275 355
275 356
275 357
275 383
275 384
275 385
275 386
275 387
275 388
276 174
276 175
276 176
276 177
276 178
276 179
276 180
276 181
276 182
276 183
276 184
276 185
276 186
276 187
276 188
276 189
276 190
276 191
276 192
276 193
276 341
276 342
276 343
276 344
276 345
276 346
276 347
276 348
276 349
276 350
276 351
276 352
276 353
276 354
276 355
276 383
276 384
276 385
276 386
276 387
276 388
277 175
277 176
277 177
277 178
277 179
277 180
277 181
277 182
277 183
277 184
277 185
277 186
277 187
277 188
277 189
277 190
277 191
277 192
277 193
277 194
277 195
277 196
277 197
277 339
277 340
277 341
277 342
277 343
277 344
277 345
277 346
277 347
277 348
277 349
277 350
277 351
277 352
277 353
277 382
277 383
277 384
277 385
277 386
277 387
277 388
278 179
278 180
278 181
278 182
278 183
278 184
278 185
278 186
278 187
278 188
278 189
278 190
278 191
278 192
278 193
278 194
278 195
278 196
278 197
278 198
278 199
278 337
278 338
278 339
278 340
278 341
278 342
278 343
278 344
278 345
278 346
278 347
278 348
278 349
278 350
278 351
278 382
278 383
278 384
278 385
278 386
278 387
278 388
279 182
279 183
279 184
279 185
279 186
279 187
279 188
279 189
279 190
279 191
279 192
279 193
279 194
279 195
279 196
279 197
279 198
279 199
279 200
279 201
279 202
279 335
279 336
279 337
279 338
279 339
279 340
279 341
279 342
279 343
279 344
279 345
279 346
279 347
279 348
279 382
279 383
279 384
279 385
279 386
279 387
280 186
280 187
280 188
280 189
280 190
280 191
280 192
280 193
280 194
280 195
280 196
280 197
280 198
280 199
280 200
280 201
280 202
280 203
280 204
280 333
280 334
280 335
280 336
280 337
280 338
280 339
280 340
280 341
280 342
280 343
280 344
280 345
280 346
280 382
280 383
280 384
280 385
280 386
280 387
281 190
281 191
281 192
281 193
281 194
281 195
281 196
281 197
281 198
281 199
281 200
281 201
281 202
281 203
281 204
281 205
281 206
281 207
281 330
281 331
281 332
281 333
281 334
281 335
281 336
281 337
281 338
281 339
281 340
281 341
281 342
281 343
281 344
281 382
281 383
281 384
281 385
281 386
281 387
282 194
282 195
282 196
282 197
282 198
282 199
282 200
282 201
282 202
282 203
282 204
282 205
282 206
282 207
282 208
282 209
282 328
282 329
282 330
282 331
282 332
282 333
282 334
282 335
282 336
282 337
282 338
282 339
282 340
282 341
282 342
282 381
282 382
282 383
282 384
282 385
282 386
282 387
283 197
283 198
283 199
283 200
283 201
283 202
283 203
283 204
283 205
283 206
283 207
283 208
283 209
283 210
283 211
283 212
283 326
283 327
283 328
283 329
283 330
283 331
283 332
283 333
283 334
283 335
283 336
283 337
283 338
283 339
283 340
283 381
283 382
283 383
283 384
283 385
283 386
284 199
284 200
284 201
284 202
284 203
284 204
284 205
284 206
284 207
284 208
284 209
284 210
284 211
284 212
284 213
284 214
284 324
284 325
284 326
284 327
284 328
284 329
284 330
284 331
284 332
284 333
284 334
284 335
284 336
284 337
284 338
284 381
284 382
284 383
284 384
284 385
284 386
285 202
285 203
285 204
285 205
285 206
285 207
285 208
285 209
285 210
285 211
285 212
285 213
285 214
285 215
285 216
285 217
285 322
285 323
285 324
285 325
285 326
285 327
285 328
285 329
285 330
285 331
285 332
285 333
285 334
285 335
285 381
285 382
285 383
285 384
285 385
285 386
286 204
286 205
286 206
286 207
286 208
286 209
286 210
286 211
286 212
286 213
286 214
286 215
286 216
286 217
286 218
286 219
286 320
286 321
286 322
286 323
286 324
286 325
286 326
286 327
286 328
286 329
286 330
286 331
286 332
286 333
286 380
286 381
286 382
286 383
286 384
286 385
286 386
287 207
287 208
287 209
287 210
287 211
287 212
287 213
287 214
287 215
287 216
287 217
287 218
287 219
287 220
287 221
287 222
287 317
287 318
287 319
287 320
287 321
287 322
287 323
287 324
287 325
287 326
287 327
287 328
287 329
287 330
287 331
287 380
287 381
287 382
287 383
287 384
287 385
288 209
288 210
288 211
288 212
288 213
288 214
288 215
288 216
288 217
288 218
288 219
288 220
288 221
288 222
288 223
288 224
288 315
288 316
288 317
288 318
288 319
288 320
288 321
288 322
288 323
288 324
288 325
288 326
288 327
288 328
288 329
288 380
288 381
288 382
288 383
288 384
288 385
289 212
289 213
289 214
289 215
289 216
289 217
289 218
289 219
289 220
289 221
289 222
289 223
289 224
289 225
289 226
289 227
289 313
289 314
289 315
289 316
289 317
289 318
289 319
289 320
289 321
289 322
289 323
289 324
289 325
289 326
289 327
289 380
289 381
289 382
289 383
289 384
289 385
290 214
290 215
290 216
290 217
290 218
290 219
290 220
290 221
290 222
290 223
290 224
290 225
290 226
290 227
290 228
290 229
290 311
290 312
290 313
290 314
290 315
290 316
290 317
290 318
290 319
290 320
290 321
290 322
290 323
290 324
290 325
290 380
290 381
290 382
290 383
290 384
290 385
291 217
291 218
291 219
291 220
291 221
291 222
291 223
291 224
291 225
291 226
291 227
291 228
291 229
291 230
291 231
291 232
291 233
291 309
291 310
291 311
291 312
291 313
291 314
291 315
291 316
291 317
291 318
291 319
291 320
291 321
291 322
291 379
291 380
291 381
291 382
291 383
291 384
291 385
292 219
292 220
292 221
292 222
292 223
292 224
292 225
292 226
292 227
292 228
292 229
292 230
292 231
292 232
292 233
292 234
292 235
292 236
292 237
292 238
292 307
292 308
292 309
292 310
292 311
292 312
292 313
292 314
292 315
292 316
292 317
292 318
292 319
292 320
292 379
292 380
292 381
292 382
292 383
292 384
293 222
293 223
293 224
293 225
293 226
293 227
293 228
293 229
293 230
293 231
293 232
293 233
293 234
293 235
293 236
293 237
293 238
293 239
293 240
293 241
293 242
293 243
293 244
293 305
293 306
293 307
293 308
293 309
293 310
293 311
293 312
293 313
293 314
293 315
293 316
293 317
293 318
293 379
293 380
293 381
293 382
293 383
293 384
294 224
294 225
294 226
294 227
294 228
294 229
294 230
294 231
294 232
294 233
294 234
294 235
294 236
294 237
294 238
294 239
294 240
294 241
294 242
294 243
294 244
294 245
294 246
294 247
294 248
294 249
294 250
294 303
294 304
294 305
294 306
294 307
294 308
294 309
294 310
294 311
294 312
294 313
294 314
294 315
294 316
294 379
294 380
294 381
294 382
294 383
294 384
295 227
295 228
295 229
295 230
295 231
295 232
295 233
295 234
295 235
295 236
295 237
295 238
295 239
295 240
295 241
295 242
295 243
295 244
295 245
295 246
295 247
295 248
295 249
295 250
295 251
295 252
295 253
295 254
295 255
295 301
295 302
295 303
295 304
295 305
295 306
295 307
295 308
295 309
295 310
295 311
295 312
295 313
295 314
295 378
295 379
295 380
295 381
295 382
295 383
295 384
296 229
296 230
296 231
296 232
296 233
296 234
296 235
296 236
296 237
296 238
296 239
296 240
296 241
296 242
296 243
296 244
296 245
296 246
296 247
296 248
296 249
296 250
296 251
296 252
296 253
296 254
296 255
296 256
296 257
296 258
296 259
296 260
296 261
296 299
296 300
296 301
296 302
296 303
296 304
296 305
296 306
296 307
296 308
296 309
296 310
296 311
296 312
296 378
296 379
296 380
296 381
296 382
296 383
296 384
297 234
297 235
297 236
297 237
297 238
297 239
297 240
297 241
297 242
297 243
297 244
297 245
297 246
297 247
297 248
297 249
297 250
297 251
297 252
297 253
297 254
297 255
297 256
297 257
297 258
297 259
297 260
297 261
297 262
297 263
297 264
297 265
297 266
297 297
297 298
297 299
297 300
297 301
297 302
297 303
297 304
297 305
297 306
297 307
297 308
297 309
297 310
297 378
297 379
297 380
297 381
297 382
297 383
298 240
298 241
298 242
298 243
298 244
298 245
298 246
298 247
298 248
298 249
298 250
298 251
298 252
298 253
298 254
298 255
298 256
298 257
298 258
298 259
298 260
298 261
298 262
298 263
298 264
298 265
298 266
298 267
298 268
298 269
298 270
298 295
298 296
298 297
298 298
298 299
298 300
298 301
298 302
298 303
298 304
298 305
298 306
298 307
298 308
298 378
298 379
298 380
298 381
298 382
298 383
299 245
299 246
299 247
299 248
299 249
299 250
299 251
299 252
299 253
299 254
299 255
299 256
299 257
299 258
299 259
299 260
299 261
299 262
299 263
299 264
299 265
299 266
299 267
299 268
299 269
299 270
299 271
299 272
299 273
299 274
299 293
299 294
299 295
299 296
299 297
299 298
299 299
299 300
299 301
299 302
299 303
299 304
299 305
299 306
299 378
299 379
299 380
299 381
299 382
299 383
300 251
300 252
300 253
300 254
300 255
300 256
300 257
300 258
300 259
300 260
300 261
300 262
300 263
300 264
300 265
300 266
300 267
300 268
300 269
300 270
300 271
300 272
300 273
300 274
300 275
300 276
300 277
300 278
300 291
300 292
300 293
300 294
300 295
300 296
300 297
300 298
300 299
300 300
300 301
300 302
300 303
300 304
300 377
300 378
300 379
300 380
300 381
300 382
300 383
301 257
301 258
301 259
301 260
301 261
301 262
301 263
301 264
301 265
301 266
301 267
301 268
301 269
301 270
301 271
301 272
301 273
301 274
301 275
301 276
301 277
301 278
301 279
301 280
301 281
301 289
301 290
301 291
301 292
301 293
301 294
301 295
301 296
301 297
301 298
301 299
301 300
301 301
301 302
301 377
301 378
301 379
301 380
301 381
301 382
301 383
302 262
302 263
302 264
302 265
302 266
302 267
302 268
302 269
302 270
302 271
302 272
302 273
302 274
302 275
302 276
302 277
302 278
302 279
302 280
302 281
302 282
302 283
302 284
302 285
302 287
302 288
302 289
302 290
302 291
302 292
302 293
302 294
302 295
302 296
302 297
302 298
302 299
302 300
302 377
302 378
302 379
302 380
302 381
302 382
303 267
303 268
303 269
303 270
303 271
303 272
303 273
303 274
303 275
303 276
303 277
303 278
303 279
303 280
303 281
303 282
303 283
303 284
303 285
303 286
303 287
303 288
303 289
303 290
303 291
303 292
303 293
303 294
303 295
303 296
303 297
303 298
303 377
303 378
303 379
303 380
303 381
303 382
304 271
304 272
304 273
304 274
304 275
304 276
304 277
304 278
304 279
304 280
304 281
304 282
304 283
304 284
304 285
304 286
304 287
304 288
304 289
304 290
304 291
304 292
304 293
304 294
304 295
304 296
304 377
304 378
304 379
304 380
304 381
304 382
305 274
305 275
305 276
305 277
305 278
305 279
305 280
305 281
305 282
305 283
305 284
305 285
305 286
305 287
305 288
305 289
305 290
305 291
305 292
305 293
305 294
305 295
305 296
305 297
305 376
305 377
305 378
305 379
305 380
305 381
305 382
306 278
306 279
306 280
306 281
306 282
306 283
306 284
306 285
306 286
306 287
306 288
306 289
306 290
306 291
306 292
306 293
306 294
306 295
306 296
306 297
306 298
306 299
306 300
306 376
306 377
306 378
306 379
306 380
306 381
307 277
307 278
307 279
307 280
307 281
307 282
307 283
307 284
307 285
307 286
307 287
307 288
307 289
307 290
307 291
307 292
307 293
307 294
307 295
307 296
307 297
307 298
307 299
307 300
307 301
307 302
307 303
307 304
307 376
307 377
307 378
307 379
307 380
307 381
308 275
308 276
308 277
308 278
308 279
308 280
308 281
308 282
308 283
308 284
308 285
308 286
308 287
308 288
308 289
308 290
308 291
308 292
308 293
308 294
308 295
308 296
308 297
308 298
308 299
308 300
308 301
308 302
308 303
308 304
308 305
308 306
308 307
308 308
308 376
308 377
308 378
308 379
308 380
308 381
309 274
309 275
309 276
309 277
309 278
309 279
309 280
309 281
309 282
309 283
309 284
309 285
309 286
309 290
309 291
309 292
309 293
309 294
309 295
309 296
309 297
309 298
309 299
309 300
309 301
309 302
309 303
309 304
309 305
309 306
309 307
309 308
309 309
309 310
309 311
309 312
309 376
309 377
309 378
309 379
309 380
309 381
310 272
310 273
310 274
310 275
310 276
310 277
310 278
310 279
310 280
310 281
310 282
310 283
310 284
310 293
310 294
310 295
310 296
310 297
310 298
310 299
310 300
310 301
310 302
310 303
310 304
310 305
310 306
310 307
310 308
310 309
310 310
310 311
310 312
310 313
310 314
310 315
310 316
310 375
310 376
310 377
310 378
310 379
310 380
310 381
311 270
311 271
311 272
311 273
311 274
311 275
311 276
311 277
311 278
311 279
311 280
311 281
311 282
311 297
311 298
311 299
311 300
311 301
311 302
311 303
311 304
311 305
311 306
311 307
311 308
311 309
311 310
311 311
311 312
311 313
311 314
311 315
311 316
311 317
311 318
311 319
311 320
311 321
311 375
311 376
311 377
311 378
311 379
311 380
312 268
312 269
312 270
312 271
312 272
312 273
312 274
312 275
312 276
312 277
312 278
312 279
312 280
312 301
312 302
312 303
312 304
312 305
312 306
312 307
312 308
312 309
312 310
312 311
312 312
312 313
312 314
312 315
312 316
312 317
312 318
312 319
312 320
312 321
312 322
312 323
312 324
312 325
312 375
312 376
312 377
312 378
312 379
312 380
313 267
313 268
313 269
313 270
313 271
313 272
313 273
313 274
313 275
313 276
313 277
313 278
313 305
313 306
313 307
313 308
313 309
313 310
313 311
313 312
313 313
313 314
313 315
313 316
313 317
313 318
313 319
313 320
313 321
313 322
313 323
313 324
313 325
313 326
313 327
313 328
313 329
313 375
313 376
313 377
313 378
313 379
313 380
314 265
314 266
314 267
314 268
314 269
314 270
314 271
314 272
314 273
314 274
314 275
314 276
314 309
314 310
314 311
314 312
314 313
314 314
314 315
314 316
314 317
314 318
314 319
314 320
314 321
314 322
314 323
314 324
314 325
314 326
314 327
314 328
314 329
314 330
314 331
314 332
314 333
314 374
314 375
314 376
314 377
314 378
314 379
314 380
315 263
315 264
315 265
315 266
315 267
315 268
315 269
315 270
315 271
315 272
315 273
315 274
315 313
315 314
315 315
315 316
315 317
315 318
315 319
315 320
315 321
315 322
315 323
315 324
315 325
315 326
315 327
315 328
315 329
315 330
315 331
315 332
315 333
315 334
315 335
315 336
315 337
315 374
315 375
315 376
315 377
315 378
315 379
316 261
316 262
316 263
316 264
316 265
316 266
316 267
316 268
316 269
316 270
316 271
316 272
316 317
316 318
316 319
316 320
316 321
316 322
316 323
316 324
316 325
316 326
316 327
316 328
316 329
316 330
316 331
316 332
316 333
316 334
316 335
316 336
316 337
316 338
316 339
316 340
316 341
316 374
316 375
316 376
316 377
316 378
316 379
317 260
317 261
317 262
317 263
317 264
317 265
317 266
317 267
317 268
317 269
317 270
317 271
317 321
317 322
317 323
317 324
317 325
317 326
317 327
317 328
317 329
317 330
317 331
317 332
317 333
317 334
317 335
317 336
317 337
317 338
317 339
317 340
317 341
317 342
317 343
317 344
317 345
317 374
317 375
317 376
317 377
317 378
317 379
318 258
318 259
318 260
318 261
318 262
318 263
318 264
318 265
318 266
318 267
318 268
318 269
318 325
318 326
318 327
318 328
318 329
318 330
318 331
318 332
318 333
318 334
318 335
318 336
318 337
318 338
318 339
318 340
318 341
318 342
318 343
318 344
318 345
318 346
318 347
318 348
318 349
318 373
318 374
318 375
318 376
318 377
318 378
318 379
319 256
319 257
319 258
319 259
319 260
319 261
319 262
319 263
319 264
319 265
319 266
319 267
319 329
319 330
319 331
319 332
319 333
319 334
319 335
319 336
319 337
319 338
319 339
319 340
319 341
319 342
319 343
319 344
319 345
319 346
319 347
319 348
319 349
319 350
319 351
319 352
319 353
319 373
319 374
319 375
319 376
319 377
319 378
319 379
320 254
320 255
320 256
320 257
320 258
320 259
320 260
320 261
320 262
320 263
320 264
320 265
320 333
320 334
320 335
320 336
320 337
320 338
320 339
320 340
320 341
320 342
320 343
320 344
320 345
320 346
320 347
320 348
320 349
320 350
320 351
320 352
320 353
320 354
320 355
320 356
320 357
320 373
320 374
320 375
320 376
320 377
320 378
321 253
321 254
321 255
321 256
321 257
321 258
321 259
321 260
321 261
321 262
321 263
321 264
321 338
321 339
321 340
321 341
321 342
321 343
321 344
321 345
321 346
321 347
321 348
321 349
321 350
321 351
321 352
321 353
321 354
321 355
321 356
321 357
321 358
321 359
321 360
321 361
321 373
321 374
321 375
321 376
321 377
321 378
322 252
322 253
322 254
322 255
322 256
322 257
322 258
322 259
322 260
322 261
322 262
322 342
322 343
322 344
322 345
322 346
322 347
322 348
322 349
322 350
322 351
322 352
322 353
322 354
322 355
322 356
322 357
322 358
322 359
322 360
322 361
322 362
322 363
322 364
322 365
322 373
322 374
322 375
322 376
322 377
322 378
323 251
323 252
323 253
323 254
323 255
323 256
323 257
323 258
323 259
323 260
323 346
323 347
323 348
323 349
323 350
323 351
323 352
323 353
323 354
323 355
323 356
323 357
323 358
323 359
323 360
323 361
323 362
323 363
323 364
323 365
323 366
323 367
323 368
323 369
323 372
323 373
323 374
323 375
323 376
323 377
323 378
324 250
324 251
324 252
324 253
324 254
324 255
324 256
324 257
324 258
324 350
324 351
324 352
324 353
324 354
324 355
324 356
324 357
324 358
324 359
324 360
324 361
324 362
324 363
324 364
324 365
324 366
324 367
324 368
324 369
324 370
324 371
324 372
324 373
324 374
324 375
324 376
324 377
324 378
325 249
325 250
325 251
325 252
325 253
325 254
325 255
325 256
325 257
325 353
325 354
325 355
325 356
325 357
325 358
325 359
325 360
325 361
325 362
325 363
325 364
325 365
325 366
325 367
325 368
325 369
325 370
325 371
325 372
325 373
325 374
325 375
325 376
325 377
326 247
326 248
326 249
326 250
326 251
326 252
326 253
326 254
326 255
326 256
326 357
326 358
326 359
326 360
326 361
326 362
326 363
326 364
326 365
326 366
326 367
326 368
326 369
326 370
326 371
326 372
326 373
326 374
326 375
326 376
326 377
326 378
326 379
326 380
327 246
327 247
327 248
327 249
327 250
327 251
327 252
327 253
327 254
327 361
327 362
327 363
327 364
327 365
327 366
327 367
327 368
327 369
327 370
327 371
327 372
327 373
327 374
327 375
327 376
327 377
327 378
327 379
327 380
327 381
327 382
327 383
327 384
328 245
328 246
328 247
328 248
328 249
328 250
328 251
328 252
328 253
328 365
328 366
328 367
328 368
328 369
328 370
328 371
328 372
328 373
328 374
328 375
328 376
328 377
328 378
328 379
328 380
328 381
328 382
328 383
328 384
328 385
328 386
328 387
328 388
329 244
329 245
329 246
329 247
329 248
329 249
329 250
329 251
329 252
329 369
329 370
329 371
329 372
329 373
329 374
329 375
329 376
329 377
329 378
329 379
329 380
329 381
329 382
329 383
329 384
329 385
329 386
329 387
329 388
329 389
329 390
329 391
330 243
330 244
330 245
330 246
330 247
330 248
330 249
330 250
330 251
330 371
330 372
330 373
330 374
330 375
330 376
330 377
330 378
330 379
330 380
330 381
330 382
330 383
330 384
330 385
330 386
330 387
330 388
330 389
330 390
330 391
330 392
330 393
330 394
330 395
331 242
331 243
331 244
331 245
331 246
331 247
331 248
331 249
331 250
331 370
331 371
331 372
331 373
331 374
331 375
331 376
331 377
331 378
331 379
331 380
331 381
331 382
331 383
331 384
331 385
331 386
331 387
331 388
331 389
331 390
331 391
331 392
331 393
331 394
331 395
331 396
331 397
331 398
331 399
332 241
332 242
332 243
332 244
332 245
332 246
332 247
332 248
332 249
332 370
332 371
332 372
332 373
332 374
332 375
332 376
332 380
332 381
332 382
332 383
332 384
332 385
332 386
332 387
332 388
332 389
332 390
332 391
332 392
332 393
332 394
332 395
332 396
332 397
332 398
332 399
332 400
332 401
332 402
332 403
333 240
333 241
333 242
333 243
333 244
333 245
333 246
333 247
333 248
333 370
333 371
333 372
333 373
333 374
333 375
333 384
333 385
333 386
333 387
333 388
333 389
333 390
333 391
333 392
333 393
333 394
333 395
333 396
333 397
333 398
333 399
333 400
333 401
333 402
333 403
333 404
333 405
333 406
333 407
334 238
334 239
334 240
334 241
334 242
334 243
334 244
334 245
334 246
334 247
334 370
334 371
334 372
334 373
334 374
334 375
334 388
334 389
334 390
334 391
334 392
334 393
334 394
334 395
334 396
334 397
334 398
334 399
334 400
334 401
334 402
334 403
334 404
334 405
334 406
334 407
334 408
334 409
334 410
335 237
335 238
335 239
335 240
335 241
335 242
335 243
335 244
335 245
335 369
335 370
335 371
335 372
335 373
335 374
335 375
335 391
335 392
335 393
335 394
335 395
335 396
335 397
335 398
335 399
335 400
335 401
335 402
335 403
335 404
335 405
335 406
335 407
335 408
335 409
335 410
335 411
335 412
335 413
335 414
336 235
336 236
336 237
336 238
336 239
336 240
336 241
336 242
336 243
336 244
336 369
336 370
336 371
336 372
336 373
336 374
336 395
336 396
336 397
336 398
336 399
336 400
336 401
336 402
336 403
336 404
336 405
336 406
336 407
336 408
336 409
336 410
336 411
336 412
336 413
336 414
336 415
336 416
336 417
336 418
337 233
337 234
337 235
337 236
337 237
337 238
337 239
337 240
337 241
337 242
337 243
337 369
337 370
337 371
337 372
337 373
337 374
337 399
337 400
337 401
337 402
337 403
337 404
337 405
337 406
337 407
337 408
337 409
337 410
337 411
337 412
337 413
337 414
337 415
337 416
337 417
337 418
337 419
337 420
337 421
338 231
338 232
338 233
338 234
338 235
338 236
338 237
338 238
338 239
338 240
338 241
338 242
338 369
338 370
338 371
338 372
338 373
338 374
338 403
338 404
338 405
338 406
338 407
338 408
338 409
338 410
338 411
338 412
338 413
338 414
338 415
338 416
338 417
338 418
338 419
338 420
338 421
338 422
338 423
338 424
338 425
339 228
339 229
339 230
339 231
339 232
339 233
339 234
339 235
339 236
339 237
339 238
339 239
339 240
339 241
339 368
339 369
339 370
339 371
339 372
339 373
339 374
339 407
339 408
339 409
339 410
339 411
339 412
339 413
339 414
339 415
339 416
339 417
339 418
339 419
339 420
339 421
339 422
339 423
339 424
339 425
339 426
339 427
339 428
339 429
340 226
340 227
340 228
340 229
340 230
340 231
340 232
340 233
340 234
340 235
340 236
340 237
340 238
340 239
340 240
340 368
340 369
340 370
340 371
340 372
340 373
340 410
340 411
340 412
340 413
340 414
340 415
340 416
340 417
340 418
340 419
340 420
340 421
340 422
340 423
340 424
340 425
340 426
340 427
340 428
340 429
340 430
340 431
340 432
340 433
341 224
341 225
341 226
341 227
341 228
341 229
341 230
341 231
341 232
341 233
341 234
341 235
341 236
341 237
341 238
341 368
341 369
341 370
341 371
341 372
341 373
341 414
341 415
341 416
341 417
341 418
341 419
341 420
341 421
341 422
341 423
341 424
341 425
341 426
341 427
341 428
341 429
341 430
341 431
341 432
341 433
341 434
341 435
341 436
342 223
342 224
342 225
342 226
342 227
342 228
342 229
342 230
342 231
342 232
342 233
342 234
342 235
342 368
342 369
342 370
342 371
342 372
342 373
342 418
342 419
342 420
342 421
342 422
342 423
342 424
342 425
342 426
342 427
342 428
342 429
342 430
342 431
342 432
342 433
342 434
342 435
342 436
342 437
342 438
342 439
342 440
343 223
343 224
343 225
343 226
343 227
343 228
343 229
343 230
343 231
343 232
343 233
343 367
343 368
343 369
343 370
343 371
343 372
343 373
343 421
343 422
343 423
343 424
343 425
343 426
343 427
343 428
343 429
343 430
343 431
343 432
343 433
343 434
343 435
343 436
343 437
343 438
343 439
343 440
343 441
343 442
343 443
343 444
344 223
344 224
344 225
344 226
344 227
344 228
344 229
344 230
344 231
344 367
344 368
344 369
344 370
344 371
344 372
344 425
344 426
344 427
344 428
344 429
344 430
344 431
344 432
344 433
344 434
344 435
344 436
344 437
344 438
344 439
344 440
344 441
344 442
344 443
344 444
344 445
344 446
344 447
345 223
345 224
345 225
345 226
345 227
345 228
345 229
345 230
345 231
345 232
345 233
345 234
345 367
345 368
345 369
345 370
345 371
345 372
345 429
345 430
345 431
345 432
345 433
345 434
345 435
345 436
345 437
345 438
345 439
345 440
345 441
345 442
345 443
345 444
345 445
345 446
345 447
345 448
345 449
345 450
345 451
346 223
346 224
346 225
346 226
346 227
346 228
346 229
346 230
346 231
346 232
346 233
346 234
346 235
346 236
346 367
346 368
346 369
346 370
346 371
346 372
346 432
346 433
346 434
346 435
346 436
346 437
346 438
346 439
346 440
346 441
346 442
346 443
346 444
346 445
346 446
346 447
346 448
346 449
346 450
346 451
346 452
346 453
346 454
346 455
347 224
347 225
347 226
347 227
347 228
347 229
347 230
347 231
347 232
347 233
347 234
347 235
347 236
347 237
347 238
347 366
347 367
347 368
347 369
347 370
347 371
347 372
347 436
347 437
347 438
347 439
347 440
347 441
347 442
347 443
347 444
347 445
347 446
347 447
347 448
347 449
347 450
347 451
347 452
347 453
347 454
347 455
347 456
347 457
347 458
348 226
348 227
348 228
348 229
348 230
348 231
348 232
348 233
348 234
348 235
348 236
348 237
348 238
348 239
348 240
348 241
348 366
348 367
348 368
348 369
348 370
348 371
348 440
348 441
348 442
348 443
348 444
348 445
348 446
348 447
348 448
348 449
348 450
348 451
348 452
348 453
348 454
348 455
348 456
348 457
348 458
348 459
348 460
348 461
348 462
349 229
349 230
349 231
349 232
349 233
349 234
349 235
349 236
349 237
349 238
349 239
349 240
349 241
349 242
349 243
349 366
349 367
349 368
349 369
349 370
349 371
349 443
349 444
349 445
349 446
349 447
349 448
349 449
349 450
349 451
349 452
349 453
349 454
349 455
349 456
349 457
349 458
349 459
349 460
349 461
349 462
349 463
349 464
349 465
349 466
350 231
350 232
350 233
350 234
350 235
350 236
350 237
350 238
350 239
350 240
350 241
350 242
350 243
350 244
350 245
350 366
350 367
350 368
350 369
350 370
350 371
350 447
350 448
350 449
350 450
350 451
350 452
350 453
350 454
350 455
350 456
350 457
350 458
350 459
350 460
350 461
350 462
350 463
350 464
350 465
350 466
350 467
350 468
350 469
351 233
351 234
351 235
351 236
351 237
351 238
351 239
351 240
351 241
351 242
351 243
351 244
351 245
351 246
351 247
351 248
351 365
351 366
351 367
351 368
351 369
351 370
351 371
351 451
351 452
351 453
351 454
351 455
351 456
351 457
351 458
351 459
351 460
351 461
351 462
351 463
351 464
351 465
351 466
351 467
351 468
351 469
351 470
351 471
351 472
351 473
352 236
352 237
352 238
352 239
352 240
352 241
352 242
352 243
352 244
352 245
352 246
352 247
352 248
352 249
352 250
352 365
352 366
352 367
352 368
352 369
352 370
352 371
352 455
352 456
352 457
352 458
352 459
352 460
352 461
352 462
352 463
352 464
352 465
352 466
352 467
352 468
352 469
352 470
352 471
352 472
352 473
352 474
352 475
352 476
352 477
353 238
353 239
353 240
353 241
353 242
353 243
353 244
353 245
353 246
353 247
353 248
353 249
353 250
353 251
353 252
353 365
353 366
353 367
353 368
353 369
353 370
353 458
353 459
353 460
353 461
353 462
353 463
353 464
353 465
353 466
353 467
353 468
353 469
353 470
353 471
353 472
353 473
353 474
353 475
353 476
353 477
353 478
353 479
353 480
353 481
354 240
354 241
354 242
354 243
354 244
354 245
354 246
354 247
354 248
354 249
354 250
354 251
354 252
354 253
354 254
354 365
354 366
354 367
354 368
354 369
354 370
354 462
354 463
354 464
354 465
354 466
354 467
354 468
354 469
354 470
354 471
354 472
354 473
354 474
354 475
354 476
354 477
354 478
354 479
354 480
354 481
354 482
354 483
354 484
355 243
355 244
355 245
355 246
355 247
355 248
355 249
355 250
355 251
355 252
355 253
355 254
355 255
355 256
355 364
355 365
355 366
355 367
355 368
355 369
355 370
355 466
355 467
355 468
355 469
355 470
355 471
355 472
355 473
355 474
355 475
355 476
355 477
355 478
355 479
355 480
355 481
355 482
355 483
355 484
355 485
355 486
355 487
355 488
356 245
356 246
356 247
356 248
356 249
356 250
356 251
356 252
356 253
356 254
356 255
356 256
356 257
356 258
356 259
356 364
356 365
356 366
356 367
356 368
356 369
356 370
356 470
356 471
356 472
356 473
356 474
356 475
356 476
356 477
356 478
356 479
356 480
356 481
356 482
356 483
356 484
356 485
356 486
356 487
356 488
356 489
356 490
356 491
356 492
357 247
357 248
357 249
357 250
357 251
357 252
357 253
357 254
357 255
357 256
357 257
357 258
357 259
357 260
357 261
357 364
357 365
357 366
357 367
357 368
357 369
357 473
357 474
357 475
357 476
357 477
357 478
357 479
357 480
357 481
357 482
357 483
357 484
357 485
357 486
357 487
357 488
357 489
357 490
357 491
357 492
357 493
357 494
357 495
357 496
358 249
358 250
358 251
358 252
358 253
358 254
358 255
358 256
358 257
358 258
358 259
358 260
358 261
358 262
358 263
358 364
358 365
358 366
358 367
358 368
358 369
358 477
358 478
358 479
358 480
358 481
358 482
358 483
358 484
358 485
358 486
358 487
358 488
358 489
358 490
358 491
358 492
358 493
358 494
358 495
358 496
358 497
358 498
358 499
358 500
359 252
359 253
359 254
359 255
359 256
359 257
359 258
359 259
359 260
359 261
359 262
359 263
359 264
359 265
359 363
359 364
359 365
359 366
359 367
359 368
359 369
359 481
359 482
359 483
359 484
359 485
359 486
359 487
359 488
359 489
359 490
359 491
359 492
359 493
359 494
359 495
359 496
359 497
359 498
359 499
359 500
359 501
359 502
359 503
360 254
360 255
360 256
360 257
360 258
360 259
360 260
360 261
360 262
360 263
360 264
360 265
360 266
360 267
360 363
360 364
360 365
360 366
360 367
360 368
360 369
360 485
360 486
360 487
360 488
360 489
360 490
360 491
360 492
360 493
360 494
360 495
360 496
360 497
360 498
360 499
360 500
360 501
360 502
360 503
360 504
360 505
360 506
360 507
360 508
360 509
360 510
360 511
360 512
360 513
360 514
360 515
360 516
360 517
360 518
361 256
361 257
361 258
361 259
361 260
361 261
361 262
361 263
361 264
361 265
361 266
361 267
361 268
361 269
361 363
361 364
361 365
361 366
361 367
361 368
361 489
361 490
361 491
361 492
361 493
361 494
361 495
361 496
361 497
361 498
361 499
361 500
361 501
361 502
361 503
361 504
361 505
361 506
361 507
361 508
361 509
361 510
361 511
361 512
361 513
361 514
361 515
361 516
361 517
361 518
361 519
362 258
362 259
362 260
362 261
362 262
362 263
362 264
362 265
362 266
362 267
362 268
362 269
362 270
362 271
362 363
362 364
362 365
362 366
362 367
362 368
362 492
362 493
362 494
362 495
362 496
362 497
362 498
362 499
362 500
362 501
362 502
362 503
362 504
362 505
362 506
362 507
362 508
362 509
362 510
362 511
362 512
362 513
362 514
362 515
362 516
362 517
362 518
362 519
363 260
363 261
363 262
363 263
363 264
363 265
363 266
363 267
363 268
363 269
363 270
363 271
363 272
363 273
363 362
363 363
363 364
363 365
363 366
363 367
363 368
363 496
363 497
363 498
363 499
363 500
363 501
363 502
363 503
363 504
363 505
363 506
363 507
363 508
363 509
363 510
363 511
363 512
363 513
363 514
363 515
363 516
363 517
363 518
363 519
364 262
364 263
364 264
364 265
364 266
364 267
364 268
364 269
364 270
364 271
364 272
364 273
364 274
364 275
364 276
364 362
364 363
364 364
364 365
364 366
364 367
364 500
364 501
364 502
364 503
364 504
364 505
364 506
364 507
364 508
364 509
364 510
364 511
364 512
364 513
364 514
364 515
364 516
364 517
364 518
364 519
365 264
365 265
365 266
365 267
365 268
365 269
365 270
365 271
365 272
365 273
365 274
365 275
365 276
365 277
365 278
365 362
365 363
365 364
365 365
365 366
365 367
365 504
365 505
365 506
365 507
365 508
365 509
365 510
365 511
365 512
365 513
365 514
365 515
365 516
365 517
365 518
366 266
366 267
366 268
366 269
366 270
366 271
366 272
366 273
366 274
366 275
366 276
366 277
366 278
366 279
366 280
366 362
366 363
366 364
366 365
366 366
366 367
367 269
367 270
367 271
367 272
367 273
367 274
367 275
367 276
367 277
367 278
367 279
367 280
367 281
367 282
367 361
367 362
367 363
367 364
367 365
367 366
367 367
368 271
368 272
368 273
368 274
368 275
368 276
368 277
368 278
368 279
368 280
368 281
368 282
368 283
368 284
368 361
368 362
368 363
368 364
368 365
368 366
369 273
369 274
369 275
369 276
369 277
369 278
369 279
369 280
369 281
369 282
369 283
369 284
369 285
369 286
369 361
369 362
369 363
369 364
369 365
369 366
370 275
370 276
370 277
370 278
370 279
370 280
370 281
370 282
370 283
370 284
370 285
370 286
370 287
370 288
370 360
370 361
370 362
370 363
370 364
370 365
370 366
371 277
371 278
371 279
371 280
371 281
371 282
371 283
371 284
371 285
371 286
371 287
371 288
371 289
371 290
371 291
371 360
371 361
371 362
371 363
371 364
371 365
371 366
372 279
372 280
372 281
372 282
372 283
372 284
372 285
372 286
372 287
372 288
372 289
372 290
372 291
372 292
372 293
372 360
372 361
372 362
372 363
372 364
372 365
373 281
373 282
373 283
373 284
373 285
373 286
373 287
373 288
373 289
373 290
373 291
373 292
373 293
373 294
373 295
373 360
373 361
373 362
373 363
373 364
373 365
374 284
374 285
374 286
374 287
374 288
374 289
374 290
374 291
374 292
374 293
374 294
374 295
374 296
374 297
374 359
374 360
374 361
374 362
374 363
374 364
374 365
375 286
375 287
375 288
375 289
375 290
375 291
375 292
375 293
375 294
375 295
375 296
375 297
375 298
375 299
375 359
375 360
375 361
375 362
375 363
375 364
375 365
376 288
376 289
376 290
376 291
376 292
376 293
376 294
376 295
376 296
376 297
376 298
376 299
376 300
376 301
376 359
376 360
376 361
376 362
376 363
376 364
377 290
377 291
377 292
377 293
377 294
377 295
377 296
377 297
377 298
377 299
377 300
377 301
377 302
377 303
377 359
377 360
377 361
377 362
377 363
377 364
378 292
378 293
378 294
378 295
378 296
378 297
378 298
378 299
378 300
378 301
378 302
378 303
378 304
378 305
378 358
378 359
378 360
378 361
378 362
378 363
378 364
379 294
379 295
379 296
379 297
379 298
379 299
379 300
379 301
379 302
379 303
379 304
379 305
379 306
379 307
379 308
379 358
379 359
379 360
379 361
379 362
379 363
379 364
380 296
380 297
380 298
380 299
380 300
380 301
380 302
380 303
380 304
380 305
380 306
380 307
380 308
380 309
380 310
380 358
380 359
380 360
380 361
380 362
380 363
381 298
381 299
381 300
381 301
381 302
381 303
381 304
381 305
381 306
381 307
381 308
381 309
381 310
381 311
381 312
381 358
381 359
381 360
381 361
381 362
381 363
382 301
382 302
382 303
382 304
382 305
382 306
382 307
382 308
382 309
382 310
382 311
382 312
382 313
382 314
382 358
382 359
382 360
382 361
382 362
382 363
383 303
383 304
383 305
383 306
383 307
383 308
383 309
383 310
383 311
383 312
383 313
383 314
383 315
383 316
383 317
383 357
383 358
383 359
383 360
383 361
383 362
383 363
384 305
384 306
384 307
384 308
384 309
384 310
384 311
384 312
384 313
384 314
384 315
384 316
384 317
384 318
384 319
384 357
384 358
384 359
384 360
384 361
384 362
385 307
385 308
385 309
385 310
385 311
385 312
385 313
385 314
385 315
385 316
385 317
385 318
385 319
385 320
385 321
385 322
385 357
385 358
385 359
385 360
385 361
385 362
386 309
386 310
386 311
386 312
386 313
386 314
386 315
386 316
386 317
386 318
386 319
386 320
386 321
386 322
386 323
386 324
386 357
386 358
386 359
386 360
386 361
386 362
387 312
387 313
387 314
387 315
387 316
387 317
387 318
387 319
387 320
387 321
387 322
387 323
387 324
387 325
387 326
387 356
387 357
387 358
387 359
387 360
387 361
387 362
388 314
388 315
388 316
388 317
388 318
388 319
388 320
388 321
388 322
388 323
388 324
388 325
388 326
388 327
388 328
388 329
388 356
388 357
388 358
388 359
388 360
388 361
389 317
389 318
389 319
389 320
389 321
389 322
389 323
389 324
389 325
389 326
389 327
389 328
389 329
389 330
389 331
389 356
389 357
389 358
389 359
389 360
389 361
390 319
390 320
390 321
390 322
390 323
390 324
390 325
390 326
390 327
390 328
390 329
390 330
390 331
390 332
390 333
390 334
390 356
390 357
390 358
390 359
390 360
390 361
391 321
391 322
391 323
391 324
391 325
391 326
391 327
391 328
391 329
391 330
391 331
391 332
391 333
391 334
391 335
391 336
391 355
391 356
391 357
391 358
391 359
391 360
391 361
392 324
392 325
392 326
392 327
392 328
392 329
392 330
392 331
392 332
392 333
392 334
392 335
392 336
392 337
392 338
392 339
392 355
392 356
392 357
392 358
392 359
392 360
393 326
393 327
393 328
393 329
393 330
393 331
393 332
393 333
393 334
393 335
393 336
393 337
393 338
393 339
393 340
393 341
393 355
393 356
393 357
393 358
393 359
393 360
394 329
394 330
394 331
394 332
394 333
394 334
394 335
394 336
394 337
394 338
394 339
394 340
394 341
394 342
394 343
394 355
394 356
394 357
394 358
394 359
394 360
395 331
395 332
395 333
395 334
395 335
395 336
395 337
395 338
395 339
395 340
395 341
395 342
395 343
395 344
395 345
395 346
395 354
395 355
395 356
395 357
395 358
395 359
395 360
396 334
396 335
396 336
396 337
396 338
396 339
396 340
396 341
396 342
396 343
396 344
396 345
396 346
396 347
396 348
396 354
396 355
396 356
396 357
396 358
396 359
397 336
397 337
397 338
397 339
397 340
397 341
397 342
397 343
397 344
397 345
397 346
397 347
397 348
397 349
397 350
397 351
397 354
397 355
397 356
397 357
397 358
397 359
398 338
398 339
398 340
398 341
398 342
398 343
398 344
398 345
398 346
398 347
398 348
398 349
398 350
398 351
398 352
398 353
398 354
398 355
398 356
398 357
398 358
398 359
399 341
399 342
399 343
399 344
399 345
399 346
399 347
399 348
399 349
399 350
399 351
399 352
399 353
399 354
399 355
399 356
399 357
399 358
399 359
400 343
400 344
400 345
400 346
400 347
400 348
400 349
400 350
400 351
400 352
400 353
400 354
400 355
400 356
400 357
400 358
401 346
401 347
401 348
401 349
401 350
401 351
401 352
401 353
401 354
401 355
401 356
401 357
401 358
401 359
401 360
402 348
402 349
402 350
402 351
402 352
402 353
402 354
402 355
402 356
402 357
402 358
402 359
402 360
402 361
402 362
402 363
403 351
403 352
403 353
403 354
403 355
403 356
403 357
403 358
403 359
403 360
403 361
403 362
403 363
403 364
403 365
404 352
404 353
404 354
404 355
404 356
404 357
404 358
404 359
404 360
404 361
404 362
404 363
404 364
404 365
404 366
404 367
405 352
405 353
405 354
405 355
405 356
405 357
405 358
405 359
405 360
405 361
405 362
405 363
405 364
405 365
405 366
405 367
405 368
405 369
405 370
406 351
406 352
406 353
406 354
406 355
406 356
406 357
406 358
406 359
406 360
406 361
406 362
406 363
406 364
406 365
406 366
406 367
406 368
406 369
406 370
406 371
406 372
407 351
407 352
407 353
407 354
407 355
407 356
407 357
407 360
407 361
407 362
407 363
407 364
407 365
407 366
407 367
407 368
407 369
407 370
407 371
407 372
407 373
407 374
408 351
408 352
408 353
408 354
408 355
408 356
408 362
408 363
408 364
408 365
408 366
408 367
408 368
408 369
408 370
408 371
408 372
408 373
408 374
408 375
408 376
408 377
409 351
409 352
409 353
409 354
409 355
409 356
409 365
409 366
409 367
409 368
409 369
409 370
409 371
409 372
409 373
409 374
409 375
409 376
409 377
409 378
409 379
410 350
410 351
410 352
410 353
410 354
410 355
410 356
410 367
410 368
410 369
410 370
410 371
410 372
410 373
410 374
410 375
410 376
410 377
410 378
410 379
410 380
410 381
411 350
411 351
411 352
411 353
411 354
411 355
411 356
411 370
411 371
411 372
411 373
411 374
411 375
411 376
411 377
411 378
411 379
411 380
411 381
411 382
411 383
412 350
412 351
412 352
412 353
412 354
412 355
412 372
412 373
412 374
412 375
412 376
412 377
412 378
412 379
412 380
412 381
412 382
412 383
412 384
412 385
413 350
413 351
413 352
413 353
413 354
413 355
413 374
413 375
413 376
413 377
413 378
413 379
413 380
413 381
413 382
413 383
413 384
413 385
413 386
413 387
414 350
414 351
414 352
414 353
414 354
414 355
414 376
414 377
414 378
414 379
414 380
414 381
414 382
414 383
414 384
414 385
414 386
414 387
414 388
414 389
415 349
415 350
415 351
415 352
415 353
415 354
415 355
415 378
415 379
415 380
415 381
415 382
415 383
415 384
415 385
415 386
415 387
415 388
415 389
415 390
415 391
416 349
416 350
416 351
416 352
416 353
416 354
416 380
416 381
416 382
416 383
416 384
416 385
416 386
416 387
416 388
416 389
416 390
416 391
416 392
416 393
417 349
417 350
417 351
417 352
417 353
417 354
417 382
417 383
417 384
417 385
417 386
417 387
417 388
417 389
417 390
417 391
417 392
417 393
417 394
417 395
418 349
418 350
418 351
418 352
418 353
418 354
418 384
418 385
418 386
418 387
418 388
418 389
418 390
418 391
418 392
418 393
418 394
418 395
418 396
418 397
419 348
419 349
419 350
419 351
419 352
419 353
419 354
419 386
419 387
419 388
419 389
419 390
419 391
419 392
419 393
419 394
419 395
419 396
419 397
419 398
419 399
420 348
420 349
420 350
420 351
420 352
420 353
420 388
420 389
420 390
420 391
420 392
420 393
420 394
420 395
420 396
420 397
420 398
420 399
420 400
421 348
421 349
421 350
421 351
421 352
421 353
421 390
421 391
421 392
421 393
421 394
421 395
421 396
421 397
421 398
421 399
421 400
421 401
421 402
422 348
422 349
422 350
422 351
422 352
422 353
422 392
422 393
422 394
422 395
422 396
422 397
422 398
422 399
422 400
422 401
422 402
422 403
422 404
423 347
423 348
423 349
423 350
423 351
423 352
423 353
423 394
423 395
423 396
423 397
423 398
423 399
423 400
423 401
423 402
423 403
423 404
423 405
423 406
424 347
424 348
424 349
424 350
424 351
424 352
424 395
424 396
424 397
424 398
424 399
424 400
424 401
424 402
424 403
424 404
424 405
424 406
424 407
424 408
425 347
425 348
425 349
425 350
425 351
425 352
425 397
425 398
425 399
425 400
425 401
425 402
425 403
425 404
425 405
425 406
425 407
425 408
425 409
425 410
426 347
426 348
426 349
426 350
426 351
426 352
426 399
426 400
426 401
426 402
426 403
426 404
426 405
426 406
426 407
426 408
426 409
426 410
426 411
426 412
427 346
427 347
427 348
427 349
427 350
427 351
427 352
427 401
427 402
427 403
427 404
427 405
427 406
427 407
427 408
427 409
427 410
427 411
427 412
427 413
427 414
428 346
428 347
428 348
428 349
428 350
428 351
428 352
428 403
428 404
428 405
428 406
428 407
428 408
428 409
428 410
428 411
428 412
428 413
428 414
428 415
428 416
429 346
429 347
429 348
429 349
429 350
429 351
429 405
429 406
429 407
429 408
429 409
429 410
429 411
429 412
429 413
429 414
429 415
429 416
429 417
429 418
430 346
430 347
430 348
430 349
430 350
430 351
430 407
430 408
430 409
430 410
430 411
430 412
430 413
430 414
430 415
430 416
430 417
430 418
430 419
430 420
431 346
431 347
431 348
431 349
431 350
431 351
431 409
431 410
431 411
431 412
431 413
431 414
431 415
431 416
431 417
431 418
431 419
431 420
431 421
431 422
432 345
432 346
432 347
432 348
432 349
432 350
432 351
432 411
432 412
432 413
432 414
432 415
432 416
432 417
432 418
432 419
432 420
432 421
432 422
432 423
432 424
433 345
433 346
433 347
433 348
433 349
433 350
433 413
433 414
433 415
433 416
433 417
433 418
433 419
433 420
433 421
433 422
433 423
433 424
433 425
433 426
434 345
434 346
434 347
434 348
434 349
434 350
434 415
434 416
434 417
434 418
434 419
434 420
434 421
434 422
434 423
434 424
434 425
434 426
434 427
434 428
435 345
435 346
435 347
435 348
435 349
435 350
435 417
435 418
435 419
435 420
435 421
435 422
435 423
435 424
435 425
435 426
435 427
435 428
435 429
435 430
436 344
436 345
436 346
436 347
436 348
436 349
436 350
436 419
436 420
436 421
436 422
436 423
436 424
436 425
436 426
436 427
436 428
436 429
436 430
436 431
436 432
437 344
437 345
437 346
437 347
437 348
437 349
437 421
437 422
437 423
437 424
437 425
437 426
437 427
437 428
437 429
437 430
437 431
437 432
437 433
437 434
438 344
438 345
438 346
438 347
438 348
438 349
438 423
438 424
438 425
438 426
438 427
438 428
438 429
438 430
438 431
438 432
438 433
438 434
438 435
438 436
439 344
439 345
439 346
439 347
439 348
439 349
439 425
439 426
439 427
439 428
439 429
439 430
439 431
439 432
439 433
439 434
439 435
439 436
439 437
439 438
440 343
440 344
440 345
440 346
440 347
440 348
440 349
440 427
440 428
440 429
440 430
440 431
440 432
440 433
440 434
440 435
440 436
440 437
440 438
440 439
440 440
441 343
441 344
441 345
441 346
441 347
441 348
441 349
441 429
441 430
441 431
441 432
441 433
441 434
441 435
441 436
441 437
441 438
441 439
441 440
441 441
441 442
442 343
442 344
442 345
442 346
442 347
442 348
442 431
442 432
442 433
442 434
442 435
442 436
442 437
442 438
442 439
442 440
442 441
442 442
442 443
443 343
443 344
443 345
443 346
443 347
443 348
443 433
443 434
443 435
443 436
443 437
443 438
443 439
443 440
443 441
443 442
443 443
443 444
443 445
444 342
444 343
444 344
444 345
444 346
444 347
444 348
444 435
444 436
444 437
444 438
444 439
444 440
444 441
444 442
444 443
444 444
444 445
444 446
444 447
445 342
445 343
445 344
445 345
445 346
445 347
445 348
445 437
445 438
445 439
445 440
445 441
445 442
445 443
445 444
445 445
445 446
445 447
445 448
445 449
446 342
446 343
446 344
446 345
446 346
446 347
446 438
446 439
446 440
446 441
446 442
446 443
446 444
446 445
446 446
446 447
446 448
446 449
446 450
446 451
447 342
447 343
447 344
447 345
447 346
447 347
447 440
447 441
447 442
447 443
447 444
447 445
447 446
447 447
447 448
447 449
447 450
447 451
447 452
447 453
448 341
448 342
448 343
448 344
448 345
448 346
448 347
448 442
448 443
448 444
448 445
448 446
448 447
448 448
448 449
448 450
448 451
448 452
448 453
448 454
448 455
449 341
449 342
449 343
449 344
449 345
449 346
449 347
449 444
449 445
449 446
449 447
449 448
449 449
449 450
449 451
449 452
449 453
449 454
449 455
449 456
449 457
450 341
450 342
450 343
450 344
450 345
450 346
450 446
450 447
450 448
450 449
450 450
450 451
450 452
450 453
450 454
450 455
450 456
450 457
450 458
450 459
451 341
451 342
451 343
451 344
451 345
451 346
451 448
451 449
451 450
451 451
451 452
451 453
451 454
451 455
451 456
451 457
451 458
451 459
451 460
451 461
452 341
452 342
452 343
452 344
452 345
452 346
452 450
452 451
452 452
452 453
452 454
452 455
452 456
452 457
452 458
452 459
452 460
452 461
452 462
452 463
453 340
453 341
453 342
453 343
453 344
453 345
453 346
453 452
453 453
453 454
453 455
453 456
453 457
453 458
453 459
453 460
453 461
453 462
453 463
453 464
453 465
454 340
454 341
454 342
454 343
454 344
454 345
454 454
454 455
454 456
454 457
454 458
454 459
454 460
454 461
454 462
454 463
454 464
454 465
454 466
454 467
455 340
455 341
455 342
455 343
455 344
455 345
455 456
455 457
455 458
455 459
455 460
455 461
455 462
455 463
455 464
455 465
455 466
455 467
455 468
455 469
456 340
456 341
456 342
456 343
456 344
456 345
456 458
456 459
456 460
456 461
456 462
456 463
456 464
456 465
456 466
456 467
456 468
456 469
456 470
457 339
457 340
457 341
457 342
457 343
457 344
457 345
457 460
457 461
457 462
457 463
457 464
457 465
457 466
457 467
457 468
457 469
457 470
457 471
457 472
458 339
458 340
458 341
458 342
458 343
458 344
458 462
458 463
458 464
458 465
458 466
458 467
458 468
458 469
458 470
458 471
458 472
458 473
458 474
459 339
459 340
459 341
459 342
459 343
459 344
459 464
459 465
459 466
459 467
459 468
459 469
459 470
459 471
459 472
459 473
459 474
459 475
459 476
460 339
460 340
460 341
460 342
460 343
460 344
460 466
460 467
460 468
460 469
460 470
460 471
460 472
460 473
460 474
460 475
460 476
460 477
460 478
461 338
461 339
461 340
461 341
461 342
461 343
461 344
461 468
461 469
461 470
461 471
461 472
461 473
461 474
461 475
461 476
461 477
461 478
461 479
461 480
461 483
461 484
461 485
461 486
462 338
462 339
462 340
462 341
462 342
462 343
462 344
462 470
462 471
462 472
462 473
462 474
462 475
462 476
462 477
462 478
462 479
462 480
462 481
462 482
462 483
462 484
462 485
462 486
462 487
463 338
463 339
463 340
463 341
463 342
463 343
463 472
463 473
463 474
463 475
463 476
463 477
463 478
463 479
463 480
463 481
463 482
463 483
463 484
463 485
463 486
463 487
463 488
463 489
464 338
464 339
464 340
464 341
464 342
464 343
464 474
464 475
464 476
464 477
464 478
464 479
464 480
464 481
464 482
464 483
464 484
464 485
464 486
464 487
464 488
464 489
464 490
464 491
465 338
465 339
465 340
465 341
465 342
465 343
465 476
465 477
465 478
465 479
465 480
465 481
465 482
465 483
465 484
465 485
465 486
465 487
465 488
465 489
465 490
465 491
465 492
465 493
466 337
466 338
466 339
466 340
466 341
466 342
466 343
466 478
466 479
466 480
466 481
466 482
466 483
466 484
466 485
466 486
466 487
466 488
466 489
466 490
466 491
466 492
466 493
466 494
467 337
467 338
467 339
467 340
467 341
467 342
467 480
467 481
467 482
467 483
467 484
467 485
467 486
467 487
467 488
467 489
467 490
467 491
467 492
467 493
467 494
467 495
467 496
468 337
468 338
468 339
468 340
468 341
468 342
468 482
468 483
468 484
468 485
468 486
468 487
468 488
468 489
468 490
468 491
468 492
468 493
468 494
468 495
468 496
468 497
468 498
469 337
469 338
469 339
469 340
469 341
469 342
469 484
469 485
469 486
469 487
469 488
469 489
469 490
469 491
469 492
469 493
469 494
469 495
469 496
469 497
469 498
469 499
470 336
470 337
470 338
470 339
470 340
470 341
470 342
470 485
470 486
470 487
470 488
470 489
470 490
470 491
470 492
470 493
470 494
470 495
470 496
470 497
470 498
470 499
470 500
471 336
471 337
471 338
471 339
471 340
471 341
471 487
471 488
471 489
471 490
471 491
471 492
471 493
471 494
471 495
471 496
471 497
471 498
471 499
471 500
471 501
472 336
472 337
472 338
472 339
472 340
472 341
472 489
472 490
472 491
472 492
472 493
472 494
472 495
472 496
472 497
472 498
472 499
472 500
472 501
472 502
473 336
473 337
473 338
473 339
473 340
473 341
473 491
473 492
473 493
473 494
473 495
473 496
473 497
473 498
473 499
473 500
473 501
473 502
473 503
474 335
474 336
474 337
474 338
474 339
474 340
474 341
474 493
474 494
474 495
474 496
474 497
474 498
474 499
474 500
474 501
474 502
474 503
474 504
475 335
475 336
475 337
475 338
475 339
475 340
475 495
475 496
475 497
475 498
475 499
475 500
475 501
475 502
475 503
475 504
476 335
476 336
476 337
476 338
476 339
476 340
476 497
476 498
476 499
476 500
476 501
476 502
476 503
476 504
477 335
477 336
477 337
477 338
477 339
477 340
477 499
477 500
477 501
477 502
477 503
477 504
478 334
478 335
478 336
478 337
478 338
478 339
478 340
478 500
478 501
478 502
478 503
479 334
479 335
479 336
479 337
479 338
479 339
479 340
480 334
480 335
480 336
480 337
480 338
480 339
481 334
481 335
481 336
481 337
481 338
481 339
482 333
482 334
482 335
482 336
482 337
482 338
482 339
483 333
483 334
483 335
483 336
483 337
483 338
483 339
484 333
484 334
484 335
484 336
484 337
484 338
485 333
485 334
485 335
485 336
485 337
485 338
486 332
486 333
486 334
486 335
486 336
486 337
486 338
487 332
487 333
487 334
487 335
487 336
487 337
487 338
488 332
488 333
488 334
488 335
488 336
488 337
489 332
489 333
489 334
489 335
489 336
489 337
490 332
490 333
490 334
490 335
490 336
490 337
491 331
491 332
491 333
491 334
491 335
491 336
491 337
492 331
492 332
492 333
492 334
492 335
492 336
493 331
493 332
493 333
493 334
493 335
493 336
494 331
494 332
494 333
494 334
494 335
494 336
495 330
495 331
495 332
495 333
495 334
495 335
495 336
496 330
496 331
496 332
496 333
496 334
496 335
497 330
497 331
497 332
497 333
497 334
497 335
498 330
498 331
498 332
498 333
498 334
498 335
499 330
499 331
499 332
499 333
499 334
499 335
500 329
500 330
500 331
500 332
500 333
500 334
500 335
501 329
501 330
501 331
501 332
501 333
501 334
502 329
502 330
502 331
502 332
502 333
502 334
503 329
503 330
503 331
503 332
503 333
503 334
504 328
504 329
504 330
504 331
504 332
504 333
504 334
505 328
505 329
505 330
505 331
505 332
505 333
506 328
506 329
506 330
506 331
506 332
506 333
507 328
507 329
507 330
507 331
507 332
507 333
508 327
508 328
508 329
508 330
508 331
508 332
508 333
509 327
509 328
509 329
509 330
509 331
509 332
509 333
510 327
510 328
510 329
510 330
510 331
510 332
511 327
511 328
511 329
511 330
511 331
511 332
512 327
512 328
512 329
512 330
512 331
512 332
513 326
513 327
513 328
513 329
513 330
513 331
513 332
514 326
514 327
514 328
514 329
514 330
514 331
515 326
515 327
515 328
515 329
515 330
515 331
516 326
516 327
516 328
516 329
516 330
516 331
517 325
517 326
517 327
517 328
517 329
517 330
517 331
518 325
518 326
518 327
518 328
518 329
518 330
518 331
519 325
519 326
519 327
519 328
519 329
519 330
520 325
520 326
520 327
520 328
520 329
520 330
521 325
521 326
521 327
521 328
521 329
521 330
522 324
522 325
522 326
522 327
522 328
522 329
522 330
523 324
523 325
523 326
523 327
523 328
523 329
524 324
524 325
524 326
524 327
524 328
524 329
525 324
525 325
525 326
525 327
525 328
525 329
526 323
526 324
526 325
526 326
526 327
526 328
526 329
527 323
527 324
527 325
527 326
527 327
527 328
528 323
528 324
528 325
528 326
528 327
528 328
529 323
529 324
529 325
529 326
529 327
529 328
530 323
530 324
530 325
530 326
530 327
530 328
531 322
531 323
531 324
531 325
531 326
531 327
531 328
532 322
532 323
532 324
532 325
532 326
532 327
533 322
533 323
533 324
533 325
533 326
533 327
534 322
534 323
534 324
534 325
534 326
534 327
535 321
535 322
535 323
535 324
535 325
535 326
535 327
536 321
536 322
536 323
536 324
536 325
536 326
537 321
537 322
537 323
537 324
537 325
537 326
538 321
538 322
538 323
538 324
538 325
538 326
539 320
539 321
539 322
539 323
539 324
539 325
539 326
540 320
540 321
540 322
540 323
540 324
540 325
540 326
541 320
541 321
541 322
541 323
541 324
541 325
542 320
542 321
542 322
542 323
542 324
542 325
543 320
543 321
543 322
543 323
543 324
543 325
544 320
544 321
544 322
544 323
544 324
544 325
545 320
545 321
545 322
545 323
545 324
545 325
546 321
546 322
546 323
546 324
