77 228
77 229
77 230
77 231
77 232
78 227
78 228
78 229
78 230
78 231
78 232
78 233
79 227
79 228
79 229
79 230
79 231
79 232
79 233
79 234
79 235
80 227
80 228
80 229
80 230
80 231
80 232
80 233
80 234
80 235
80 236
80 237
81 227
81 228
81 229
81 230
81 231
81 232
81 233
81 234
81 235
81 236
81 237
81 238
82 228
82 229
82 230
82 231
82 232
82 233
82 234
82 235
82 236
82 237
82 238
82 239
82 240
83 231
83 232
83 233
83 234
83 235
83 236
83 237
83 238
83 239
83 240
83 241
83 242
84 233
84 234
84 235
84 236
84 237
84 238
84 239
84 240
84 241
84 242
84 243
85 234
85 235
85 236
85 237
85 238
85 239
85 240
85 241
85 242
85 243
85 244
85 245
86 236
86 237
86 238
86 239
86 240
86 241
86 242
86 243
86 244
86 245
86 246
86 247
87 238
87 239
87 240
87 241
87 242
87 243
87 244
87 245
87 246
87 247
87 248
88 239
88 240
88 241
88 242
88 243
88 244
88 245
88 246
88 247
88 248
88 249
88 250
89 241
89 242
89 243
89 244
89 245
89 246
89 247
89 248
89 249
89 250
89 251
89 252
90 243
90 244
90 245
90 246
90 247
90 248
90 249
90 250
90 251
90 252
90 253
91 244
91 245
91 246
91 247
91 248
91 249
91 250
91 251
91 252
91 253
91 254
91 255
92 246
92 247
92 248
92 249
92 250
92 251
92 252
92 253
92 254
92 255
92 256
92 257
93 248
93 249
93 250
93 251
93 252
93 253
93 254
93 255
93 256
93 257
93 258
94 249
94 250
94 251
94 252
94 253
94 254
94 255
94 256
94 257
94 258
94 259
94 260
95 251
95 252
95 253
95 254
95 255
95 256
95 257
95 258
95 259
95 260
95 261
95 262
96 253
96 254
96 255
96 256
96 257
96 258
96 259
96 260
96 261
96 262
96 263
97 254
97 255
97 256
97 257
97 258
97 259
97 260
97 261
97 262
97 263
97 264
97 265
98 256
98 257
98 258
98 259
98 260
98 261
98 262
98 263
98 264
98 265
98 266
98 267
99 258
99 259
99 260
99 261
99 262
99 263
99 264
99 265
99 266
99 267
99 268
100 259
100 260
100 261
100 262
100 263
100 264
100 265
100 266
100 267
100 268
100 269
100 270
101 261
101 262
101 263
101 264
101 265
101 266
101 267
101 268
101 269
101 270
101 271
101 272
102 263
102 264
102 265
102 266
102 267
102 268
102 269
102 270
102 271
102 272
102 273
102 274
103 264
103 265
103 266
103 267
103 268
103 269
103 270
103 271
103 272
103 273
103 274
103 275
103 276
104 266
104 267
104 268
104 269
104 270
104 271
104 272
104 273
104 274
104 275
104 276
104 277
104 278
105 268
105 269
105 270
105 271
105 272
105 273
105 274
105 275
105 276
105 277
105 278
105 279
106 269
106 270
106 271
106 272
106 273
106 274
106 275
106 276
106 277
106 278
106 279
106 280
106 281
107 271
107 272
107 273
107 274
107 275
107 276
107 277
107 278
107 279
107 280
107 281
107 282
107 283
107 284
108 273
108 274
108 275
108 276
108 277
108 278
108 279
108 280
108 281
108 282
108 283
108 284
108 285
109 275
109 276
109 277
109 278
109 279
109 280
109 281
109 282
109 283
109 284
109 285
109 286
109 287
110 277
110 278
110 279
110 280
110 281
110 282
110 283
110 284
110 285
110 286
110 287
110 288
110 289
111 279
111 280
111 281
111 282
111 283
111 284
111 285
111 286
111 287
111 288
111 289
111 290
111 291
112 281
112 282
112 283
112 284
112 285
112 286
112 287
112 288
112 289
112 290
112 291
112 292
112 293
113 282
113 283
113 284
113 285
113 286
113 287
113 288
113 289
113 290
113 291
113 292
113 293
113 294
113 295
114 284
114 285
114 286
114 287
114 288
114 289
114 290
114 291
114 292
114 293
114 294
114 295
114 296
114 297
115 286
115 287
115 288
115 289
115 290
115 291
115 292
115 293
115 294
115 295
115 296
115 297
115 298
115 299
116 288
116 289
116 290
116 291
116 292
116 293
116 294
116 295
116 296
116 297
116 298
116 299
116 300
116 301
117 290
117 291
117 292
117 293
117 294
117 295
117 296
117 297
117 298
117 299
117 300
117 301
117 302
117 303
118 292
118 293
118 294
118 295
118 296
118 297
118 298
118 299
118 300
118 301
118 302
118 303
118 304
118 305
119 294
119 295
119 296
119 297
119 298
119 299
119 300
119 301
119 302
119 303
119 304
119 305
119 306
119 307
120 296
120 297
120 298
120 299
120 300
120 301
120 302
120 303
120 304
120 305
120 306
120 307
120 308
120 309
121 298
121 299
121 300
121 301
121 302
121 303
121 304
121 305
121 306
121 307
121 308
121 309
121 310
122 300
122 301
122 302
122 303
122 304
122 305
122 306
122 307
122 308
122 309
122 310
122 311
122 312
123 302
123 303
123 304
123 305
123 306
123 307
123 308
123 309
123 310
123 311
123 312
123 313
123 314
124 304
124 305
124 306
124 307
124 308
124 309
124 310
124 311
124 312
124 313
124 314
124 315
124 316
125 306
125 307
125 308
125 309
125 310
125 311
125 312
125 313
125 314
125 315
125 316
125 317
125 318
126 307
126 308
126 309
126 310
126 311
126 312
126 313
126 314
126 315
126 316
126 317
126 318
126 319
126 320
127 310
127 311
127 312
127 313
127 314
127 315
127 316
127 317
127 318
127 319
127 320
127 321
127 322
128 312
128 313
128 314
128 315
128 316
128 317
128 318
128 319
128 320
128 321
128 322
128 323
129 313
129 314
129 315
129 316
129 317
129 318
129 319
129 320
129 321
129 322
129 323
129 324
129 325
130 315
130 316
130 317
130 318
130 319
130 320
130 321
130 322
130 323
130 324
130 325
130 326
131 317
131 318
131 319
131 320
131 321
131 322
131 323
131 324
131 325
131 326
131 327
131 328
132 319
132 320
132 321
132 322
132 323
132 324
132 325
132 326
132 327
132 328
132 329
133 321
133 322
133 323
133 324
133 325
133 326
133 327
133 328
133 329
133 330
133 331
134 322
134 323
134 324
134 325
134 326
134 327
134 328
134 329
134 330
134 331
134 332
135 324
135 325
135 326
135 327
135 328
135 329
135 330
135 331
135 332
135 333
135 334
136 325
136 326
136 327
136 328
136 329
136 330
136 331
136 332
136 333
136 334
136 335
137 327
137 328
137 329
137 330
137 331
137 332
137 333
137 334
137 335
137 336
137 337
138 328
138 329
138 330
138 331
138 332
138 333
138 334
138 335
138 336
138 337
138 338
139 330
139 331
139 332
139 333
139 334
139 335
139 336
139 337
139 338
139 339
139 340
140 331
140 332
140 333
140 334
140 335
140 336
140 337
140 338
140 339
140 340
140 341
141 333
141 334
141 335
141 336
141 337
141 338
141 339
141 340
141 341
141 342
141 343
142 334
142 335
142 336
142 337
142 338
142 339
142 340
142 341
142 342
142 343
142 344
143 336
143 337
143 338
143 339
143 340
143 341
143 342
143 343
143 344
143 345
143 346
144 337
144 338
144 339
144 340
144 341
144 342
144 343
144 344
144 345
144 346
144 347
145 339
145 340
145 341
145 342
145 343
145 344
145 345
145 346
145 347
145 348
145 349
146 340
146 341
146 342
146 343
146 344
146 345
146 346
146 347
146 348
146 349
146 350
146 351
147 342
147 343
147 344
147 345
147 346
147 347
147 348
147 349
147 350
147 351
147 352
148 343
148 344
148 345
148 346
148 347
148 348
148 349
148 350
148 351
148 352
148 353
148 354
149 345
149 346
149 347
149 348
149 349
149 350
149 351
149 352
149 353
149 354
149 355
150 346
150 347
150 348
150 349
150 350
150 351
150 352
150 353
150 354
150 355
150 356
150 357
151 348
151 349
151 350
151 351
151 352
151 353
151 354
151 355
151 356
151 357
151 358
152 350
152 351
152 352
152 353
152 354
152 355
152 356
152 357
152 358
152 359
152 360
153 351
153 352
153 353
153 354
153 355
153 356
153 357
153 358
153 359
153 360
153 361
154 353
154 354
154 355
154 356
154 357
154 358
154 359
154 360
154 361
154 362
154 363
155 354
155 355
155 356
155 357
155 358
155 359
155 360
155 361
155 362
155 363
155 364
156 356
156 357
156 358
156 359
156 360
156 361
156 362
156 363
156 364
156 365
156 366
157 357
157 358
157 359
157 360
157 361
157 362
157 363
157 364
157 365
157 366
157 367
158 359
158 360
158 361
158 362
158 363
158 364
158 365
158 366
158 367
158 368
158 369
159 360
159 361
159 362
159 363
159 364
159 365
159 366
159 367
159 368
159 369
159 370
160 362
160 363
160 364
160 365
160 366
160 367
160 368
160 369
160 370
160 371
160 372
161 363
161 364
161 365
161 366
161 367
161 368
161 369
161 370
161 371
161 372
161 373
162 365
162 366
162 367
162 368
162 369
162 370
162 371
162 372
162 373
162 374
162 375
163 366
163 367
163 368
163 369
163 370
163 371
163 372
163 373
163 374
163 375
163 376
164 368
164 369
164 370
164 371
164 372
164 373
164 374
164 375
164 376
164 377
164 378
165 369
165 370
165 371
165 372
165 373
165 374
165 375
165 376
165 377
165 378
165 379
165 380
166 371
166 372
166 373
166 374
166 375
166 376
166 377
166 378
166 379
166 380
166 381
167 372
167 373
167 374
167 375
167 376
167 377
167 378
167 379
167 380
167 381
167 382
167 383
168 374
168 375
168 376
168 377
168 378
168 379
168 380
168 381
168 382
168 383
168 384
168 385
169 375
169 376
169 377
169 378
169 379
169 380
169 381
169 382
169 383
169 384
169 385
169 386
169 387
170 377
170 378
170 379
170 380
170 381
170 382
170 383
170 384
170 385
170 386
170 387
170 388
170 389
171 379
171 380
171 381
171 382
171 383
171 384
171 385
171 386
171 387
171 388
171 389
171 390
171 391
172 381
172 382
172 383
172 384
172 385
172 386
172 387
172 388
172 389
172 390
172 391
172 392
172 393
173 383
173 384
173 385
173 386
173 387
173 388
173 389
173 390
173 391
173 392
173 393
173 394
173 395
174 385
174 386
174 387
174 388
174 389
174 390
174 391
174 392
174 393
174 394
174 395
174 396
175 387
175 388
175 389
175 390
175 391
175 392
175 393
175 394
175 395
175 396
175 397
175 398
176 388
176 389
176 390
176 391
176 392
176 393
176 394
176 395
176 396
176 397
176 398
176 399
176 400
177 390
177 391
177 392
177 393
177 394
177 395
177 396
177 397
177 398
177 399
177 400
177 401
177 402
178 392
178 393
178 394
178 395
178 396
178 397
178 398
178 399
178 400
178 401
178 402
178 403
178 404
179 394
179 395
179 396
179 397
179 398
179 399
179 400
179 401
179 402
179 403
179 404
179 405
179 406
180 396
180 397
180 398
180 399
180 400
180 401
180 402
180 403
180 404
180 405
180 406
180 407
180 408
181 398
181 399
181 400
181 401
181 402
181 403
181 404
181 405
181 406
181 407
181 408
181 409
182 400
182 401
182 402
182 403
182 404
182 405
182 406
182 407
182 408
182 409
182 410
182 411
183 402
183 403
183 404
183 405
183 406
183 407
183 408
183 409
183 410
183 411
183 412
184 403
184 404
184 405
184 406
184 407
184 408
184 409
184 410
184 411
184 412
184 413
184 414
185 405
185 406
185 407
185 408
185 409
185 410
185 411
185 412
185 413
185 414
185 415
185 416
186 407
186 408
186 409
186 410
186 411
186 412
186 413
186 414
186 415
186 416
186 417
187 408
187 409
187 410
187 411
187 412
187 413
187 414
187 415
187 416
187 417
187 418
187 419
188 410
188 411
188 412
188 413
188 414
188 415
188 416
188 417
188 418
188 419
188 420
188 421
189 411
189 412
189 413
189 414
189 415
189 416
189 417
189 418
189 419
189 420
189 421
189 422
190 413
190 414
190 415
190 416
190 417
190 418
190 419
190 420
190 421
190 422
190 423
190 424
191 415
191 416
191 417
191 418
191 419
191 420
191 421
191 422
191 423
191 424
191 425
192 416
192 417
192 418
192 419
192 420
192 421
192 422
192 423
192 424
192 425
192 426
192 427
193 418
193 419
193 420
193 421
193 422
193 423
193 424
193 425
193 426
193 427
193 428
193 429
194 419
194 420
194 421
194 422
194 423
194 424
194 425
194 426
194 427
194 428
194 429
194 430
195 421
195 422
195 423
195 424
195 425
195 426
195 427
195 428
195 429
195 430
195 431
195 432
196 423
196 424
196 425
196 426
196 427
196 428
196 429
196 430
196 431
196 432
196 433
197 424
197 425
197 426
197 427
197 428
197 429
197 430
197 431
197 432
197 433
197 434
197 435
198 426
198 427
198 428
198 429
198 430
198 431
198 432
198 433
198 434
198 435
198 436
198 437
199 427
199 428
199 429
199 430
199 431
199 432
199 433
199 434
199 435
199 436
199 437
199 438
200 429
200 430
200 431
200 432
200 433
200 434
200 435
200 436
200 437
200 438
200 439
200 440
201 431
201 432
201 433
201 434
201 435
201 436
201 437
201 438
201 439
201 440
201 441
201 442
202 432
202 433
202 434
202 435
202 436
202 437
202 438
202 439
202 440
202 441
202 442
202 443
203 434
203 435
203 436
203 437
203 438
203 439
203 440
203 441
203 442
203 443
203 444
203 445
204 436
204 437
204 438
204 439
204 440
204 441
204 442
204 443
204 444
204 445
204 446
205 437
205 438
205 439
205 440
205 441
205 442
205 443
205 444
205 445
205 446
205 447
205 448
206 439
206 440
206 441
206 442
206 443
206 444
206 445
206 446
206 447
206 448
206 449
206 450
207 440
207 441
207 442
207 443
207 444
207 445
207 446
207 447
207 448
207 449
207 450
207 451
208 442
208 443
208 444
208 445
208 446
208 447
208 448
208 449
208 450
208 451
208 452
208 453
209 444
209 445
209 446
209 447
209 448
209 449
209 450
209 451
209 452
209 453
209 454
210 445
210 446
210 447
210 448
210 449
210 450
210 451
210 452
210 453
210 454
210 455
210 456
211 447
211 448
211 449
211 450
211 451
211 452
211 453
211 454
211 455
211 456
211 457
211 458
212 448
212 449
212 450
212 451
212 452
212 453
212 454
212 455
212 456
212 457
212 458
212 459
213 450
213 451
213 452
213 453
213 454
213 455
213 456
213 457
213 458
213 459
213 460
213 461
214 452
214 453
214 454
214 455
214 456
214 457
214 458
214 459
214 460
214 461
214 462
215 453
215 454
215 455
215 456
215 457
215 458
215 459
215 460
215 461
215 462
215 463
215 464
216 455
216 456
216 457
216 458
216 459
216 460
216 461
216 462
216 463
216 464
216 465
216 466
217 457
217 458
217 459
217 460
217 461
217 462
217 463
217 464
217 465
217 466
217 467
217 468
218 458
218 459
218 460
218 461
218 462
218 463
218 464
218 465
218 466
218 467
218 468
218 469
218 470
219 460
219 461
219 462
219 463
219 464
219 465
219 466
219 467
219 468
219 469
219 470
219 471
219 472
219 473
220 462
220 463
220 464
220 465
220 466
220 467
220 468
220 469
220 470
220 471
220 472
220 473
220 474
220 475
221 463
221 464
221 465
221 466
221 467
221 468
221 469
221 470
221 471
221 472
221 473
221 474
221 475
221 476
221 477
222 466
222 467
222 468
222 469
222 470
222 471
222 472
222 473
222 474
222 475
222 476
222 477
222 478
222 479
223 468
223 469
223 470
223 471
223 472
223 473
223 474
223 475
223 476
223 477
223 478
223 479
223 480
223 481
223 482
224 470
224 471
224 472
224 473
224 474
224 475
224 476
224 477
224 478
224 479
224 480
224 481
224 482
224 483
224 484
225 472
225 473
225 474
225 475
225 476
225 477
225 478
225 479
225 480
225 481
225 482
225 483
225 484
225 485
225 486
226 475
226 476
226 477
226 478
226 479
226 480
226 481
226 482
226 483
226 484
226 485
226 486
226 487
226 488
227 477
227 478
227 479
227 480
227 481
227 482
227 483
227 484
227 485
227 486
227 487
227 488
227 489
227 490
227 491
228 479
228 480
228 481
228 482
228 483
228 484
228 485
228 486
228 487
228 488
228 489
228 490
228 491
228 492
228 493
229 481
229 482
229 483
229 484
229 485
229 486
229 487
229 488
229 489
229 490
229 491
229 492
229 493
229 494
229 495
230 484
230 485
230 486
230 487
230 488
230 489
230 490
230 491
230 492
230 493
230 494
230 495
230 496
230 497
231 486
231 487
231 488
231 489
231 490
231 491
231 492
231 493
231 494
231 495
231 496
231 497
231 498
231 499
231 500
232 488
232 489
232 490
232 491
232 492
232 493
232 494
232 495
232 496
232 497
232 498
232 499
232 500
232 501
232 502
233 490
233 491
233 492
233 493
233 494
233 495
233 496
233 497
233 498
233 499
233 500
233 501
233 502
233 503
233 504
234 493
234 494
234 495
234 496
234 497
234 498
234 499
234 500
234 501
234 502
234 503
234 504
234 505
234 506
235 495
235 496
235 497
235 498
235 499
235 500
235 501
235 502
235 503
235 504
235 505
235 506
235 507
235 508
236 497
236 498
236 499
236 500
236 501
236 502
236 503
236 504
236 505
236 506
236 507
236 508
236 509
236 510
237 499
237 500
237 501
237 502
237 503
237 504
237 505
237 506
237 507
237 508
237 509
237 510
237 511
237 512
238 425
238 426
238 427
238 428
238 429
238 430
238 431
238 432
238 433
238 434
238 435
238 436
238 437
238 438
238 439
238 440
238 441
238 442
238 443
238 501
238 502
238 503
238 504
238 505
238 506
238 507
238 508
238 509
238 510
238 511
238 512
238 513
238 514
239 422
239 423
239 424
239 425
239 426
239 427
239 428
239 429
239 430
239 431
239 432
239 433
239 434
239 435
239 436
239 437
239 438
239 439
239 440
239 441
239 442
239 443
239 444
239 445
239 446
239 447
239 448
239 449
239 450
239 451
239 452
239 453
239 454
239 455
239 456
239 457
239 458
239 459
239 460
239 461
239 462
239 463
239 464
239 465
239 466
239 467
239 468
239 469
239 470
239 471
239 472
239 473
239 474
239 475
239 476
239 477
239 478
239 503
239 504
239 505
239 506
239 507
239 508
239 509
239 510
239 511
239 512
239 513
239 514
239 515
239 516
240 420
240 421
240 422
240 423
240 424
240 425
240 426
240 427
240 428
240 429
240 430
240 431
240 432
240 433
240 434
240 435
240 436
240 437
240 438
240 439
240 440
240 441
240 442
240 443
240 444
240 445
240 446
240 447
240 448
240 449
240 450
240 451
240 452
240 453
240 454
240 455
240 456
240 457
240 458
240 459
240 460
240 461
240 462
240 463
240 464
240 465
240 466
240 467
240 468
240 469
240 470
240 471
240 472
240 473
240 474
240 475
240 476
240 477
240 478
240 479
240 480
240 481
240 482
240 483
240 484
240 485
240 486
240 487
240 488
240 489
240 490
240 491
240 492
240 493
240 494
240 495
240 496
240 497
240 498
240 499
240 500
240 501
240 502
240 503
240 504
240 505
240 506
240 507
240 508
240 509
240 510
240 511
240 512
240 513
240 514
240 515
240 516
240 517
240 518
240 741
240 742
240 743
240 744
240 745
240 746
240 747
241 417
241 418
241 419
241 420
241 421
241 422
241 423
241 424
241 425
241 426
241 427
241 428
241 429
241 430
241 431
241 432
241 433
241 434
241 435
241 436
241 437
241 438
241 439
241 440
241 441
241 442
241 443
241 444
241 445
241 446
241 447
241 448
241 449
241 450
241 451
241 452
241 453
241 454
241 455
241 456
241 457
241 458
241 459
241 460
241 461
241 462
241 463
241 464
241 465
241 466
241 467
241 468
241 469
241 470
241 471
241 472
241 473
241 474
241 475
241 476
241 477
241 478
241 479
241 480
241 481
241 482
241 483
241 484
241 485
241 486
241 487
241 488
241 489
241 490
241 491
241 492
241 493
241 494
241 495
241 496
241 497
241 498
241 499
241 500
241 501
241 502
241 503
241 504
241 505
241 506
241 507
241 508
241 509
241 510
241 511
241 512
241 513
241 514
241 515
241 516
241 517
241 518
241 519
241 520
241 521
241 522
241 523
241 524
241 525
241 526
241 527
241 528
241 529
241 530
241 531
241 532
241 533
241 736
241 737
241 738
241 739
241 740
241 741
241 742
241 743
241 744
241 745
241 746
241 747
241 748
242 414
242 415
242 416
242 417
242 418
242 419
242 420
242 421
242 422
242 423
242 424
242 425
242 426
242 427
242 428
242 429
242 430
242 431
242 432
242 433
242 434
242 435
242 436
242 437
242 438
242 439
242 440
242 441
242 442
242 443
242 444
242 445
242 446
242 447
242 448
242 449
242 450
242 451
242 452
242 453
242 454
242 455
242 456
242 457
242 458
242 459
242 460
242 461
242 462
242 463
242 464
242 465
242 466
242 467
242 468
242 469
242 470
242 471
242 472
242 473
242 474
242 475
242 476
242 477
242 478
242 479
242 480
242 481
242 482
242 483
242 484
242 485
242 486
242 487
242 488
242 489
242 490
242 491
242 492
242 493
242 494
242 495
242 496
242 497
242 498
242 499
242 500
242 501
242 502
242 503
242 504
242 505
242 506
242 507
242 508
242 509
242 510
242 511
242 512
242 513
242 514
242 515
242 516
242 517
242 518
242 519
242 520
242 521
242 522
242 523
242 524
242 525
242 526
242 527
242 528
242 529
242 530
242 531
242 532
242 533
242 534
242 535
242 536
242 720
242 721
242 722
242 723
242 724
242 725
242 726
242 727
242 728
242 729
242 730
242 731
242 732
242 733
242 734
242 735
242 736
242 737
242 738
242 739
242 740
242 741
242 742
242 743
242 744
242 745
242 746
242 747
242 748
243 411
243 412
243 413
243 414
243 415
243 416
243 417
243 418
243 419
243 420
243 421
243 422
243 423
243 424
243 425
243 426
243 427
243 428
243 429
243 430
243 431
243 432
243 433
243 434
243 435
243 436
243 437
243 438
243 439
243 440
243 441
243 442
243 443
243 444
243 445
243 446
243 447
243 448
243 449
243 450
243 451
243 452
243 453
243 454
243 455
243 456
243 457
243 458
243 459
243 460
243 461
243 462
243 463
243 464
243 465
243 466
243 467
243 468
243 469
243 470
243 471
243 472
243 473
243 474
243 475
243 476
243 477
243 478
243 479
243 480
243 481
243 482
243 483
243 484
243 485
243 486
243 487
243 488
243 489
243 490
243 491
243 492
243 493
243 494
243 495
243 496
243 497
243 498
243 499
243 500
243 501
243 502
243 503
243 504
243 505
243 506
243 507
243 508
243 509
243 510
243 511
243 512
243 513
243 514
243 515
243 516
243 517
243 518
243 519
243 520
243 521
243 522
243 523
243 524
243 525
243 526
243 527
243 528
243 529
243 530
243 531
243 532
243 533
243 534
243 535
243 536
243 537
243 538
243 716
243 717
243 718
243 719
243 720
243 721
243 722
243 723
243 724
243 725
243 726
243 727
243 728
243 729
243 730
243 731
243 732
243 733
243 734
243 735
243 736
243 737
243 738
243 739
243 740
243 741
243 742
243 743
243 744
243 745
243 746
243 747
243 748
244 408
244 409
244 410
244 411
244 412
244 413
244 414
244 415
244 416
244 417
244 418
244 419
244 420
244 421
244 422
244 423
244 424
244 425
244 445
244 446
244 447
244 448
244 449
244 450
244 451
244 452
244 453
244 454
244 455
244 456
244 457
244 458
244 459
244 460
244 461
244 462
244 463
244 464
244 465
244 466
244 467
244 468
244 469
244 470
244 471
244 472
244 473
244 474
244 475
244 476
244 477
244 478
244 479
244 480
244 481
244 482
244 483
244 484
244 485
244 486
244 487
244 488
244 489
244 490
244 491
244 492
244 493
244 494
244 495
244 496
244 497
244 498
244 499
244 500
244 501
244 502
244 503
244 504
244 505
244 506
244 507
244 508
244 509
244 510
244 511
244 512
244 513
244 514
244 515
244 516
244 517
244 518
244 519
244 520
244 521
244 522
244 523
244 524
244 525
244 526
244 527
244 528
244 529
244 530
244 531
244 532
244 533
244 534
244 535
244 536
244 537
244 538
244 539
244 540
244 541
244 712
244 713
244 714
244 715
244 716
244 717
244 718
244 719
244 720
244 721
244 722
244 723
244 724
244 725
244 726
244 727
244 728
244 729
244 730
244 731
244 732
244 733
244 734
244 735
244 736
244 737
244 738
244 739
244 740
244 741
244 742
244 743
244 744
244 745
244 746
244 747
244 748
245 405
245 406
245 407
245 408
245 409
245 410
245 411
245 412
245 413
245 414
245 415
245 416
245 417
245 418
245 419
245 420
245 421
245 422
245 480
245 481
245 482
245 483
245 484
245 485
245 486
245 487
245 488
245 489
245 490
245 491
245 492
245 493
245 494
245 495
245 496
245 497
245 498
245 499
245 500
245 501
245 502
245 503
245 504
245 505
245 506
245 507
245 508
245 509
245 510
245 511
245 512
245 513
245 514
245 515
245 516
245 517
245 518
245 519
245 520
245 521
245 522
245 523
245 524
245 525
245 526
245 527
245 528
245 529
245 530
245 531
245 532
245 533
245 534
245 535
245 536
245 537
245 538
245 539
245 540
245 541
245 542
245 543
245 544
245 708
245 709
245 710
245 711
245 712
245 713
245 714
245 715
245 716
245 717
245 718
245 719
245 720
245 721
245 722
245 723
245 724
245 725
245 726
245 727
245 728
245 729
245 730
245 731
245 732
245 733
245 734
245 735
245 736
245 737
245 738
245 739
245 740
245 741
245 742
245 743
245 744
245 745
245 746
245 747
245 748
246 402
246 403
246 404
246 405
246 406
246 407
246 408
246 409
246 410
246 411
246 412
246 413
246 414
246 415
246 416
246 417
246 418
246 419
246 515
246 516
246 517
246 518
246 519
246 520
246 521
246 522
246 523
246 524
246 525
246 526
246 527
246 528
246 529
246 530
246 531
246 532
246 533
246 534
246 535
246 536
246 537
246 538
246 539
246 540
246 541
246 542
246 543
246 544
246 545
246 546
246 547
246 704
246 705
246 706
246 707
246 708
246 709
246 710
246 711
246 712
246 713
246 714
246 715
246 716
246 717
246 718
246 719
246 720
246 721
246 722
246 723
246 724
246 725
246 726
246 727
246 728
246 729
246 730
246 731
246 732
246 733
246 734
246 735
246 736
246 737
246 738
246 739
246 740
246 743
246 744
246 745
246 746
246 747
246 748
247 399
247 400
247 401
247 402
247 403
247 404
247 405
247 406
247 407
247 408
247 409
247 410
247 411
247 412
247 413
247 414
247 415
247 416
247 519
247 520
247 521
247 522
247 523
247 524
247 525
247 526
247 527
247 528
247 529
247 530
247 531
247 532
247 533
247 534
247 535
247 536
247 537
247 538
247 539
247 540
247 541
247 542
247 543
247 544
247 545
247 546
247 547
247 548
247 549
247 550
247 700
247 701
247 702
247 703
247 704
247 705
247 706
247 707
247 708
247 709
247 710
247 711
247 712
247 713
247 714
247 715
247 716
247 717
247 718
247 719
247 720
247 721
247 722
247 723
247 724
247 725
247 726
247 727
247 728
247 729
247 730
247 731
247 732
247 733
247 734
247 735
247 743
247 744
247 745
247 746
247 747
247 748
248 396
248 397
248 398
248 399
248 400
248 401
248 402
248 403
248 404
248 405
248 406
248 407
248 408
248 409
248 410
248 411
248 412
248 413
248 414
248 521
248 522
248 523
248 524
248 525
248 526
248 527
248 528
248 529
248 530
248 531
248 532
248 533
248 534
248 535
248 536
248 537
248 538
248 539
248 540
248 541
248 542
248 543
248 544
248 545
248 546
248 547
248 548
248 549
248 550
248 551
248 552
248 699
248 700
248 701
248 702
248 703
248 704
248 705
248 706
248 707
248 708
248 709
248 710
248 711
248 712
248 713
248 714
248 715
248 716
248 717
248 718
248 719
248 742
248 743
248 744
248 745
248 746
248 747
248 748
249 394
249 395
249 396
249 397
249 398
249 399
249 400
249 401
249 402
249 403
249 404
249 405
249 406
249 407
249 408
249 409
249 410
249 411
249 523
249 524
249 525
249 526
249 527
249 528
249 529
249 530
249 531
249 532
249 533
249 534
249 535
249 536
249 537
249 538
249 539
249 540
249 541
249 542
249 543
249 544
249 545
249 546
249 547
249 548
249 549
249 550
249 551
249 552
249 553
249 554
249 555
249 697
249 698
249 699
249 700
249 701
249 702
249 703
249 704
249 705
249 706
249 707
249 708
249 709
249 710
249 711
249 712
249 713
249 714
249 715
249 742
249 743
249 744
249 745
249 746
249 747
249 748
250 391
250 392
250 393
250 394
250 395
250 396
250 397
250 398
250 399
250 400
250 401
250 402
250 403
250 404
250 405
250 406
250 407
250 408
250 526
250 527
250 528
250 529
250 530
250 531
250 532
250 533
250 534
250 535
250 536
250 537
250 538
250 539
250 541
250 542
250 543
250 544
250 545
250 546
250 547
250 548
250 549
250 550
250 551
250 552
250 553
250 554
250 555
250 556
250 557
250 558
250 695
250 696
250 697
250 698
250 699
250 700
250 701
250 702
250 703
250 704
250 705
250 706
250 707
250 708
250 709
250 710
250 711
250 741
250 742
250 743
250 744
250 745
250 746
250 747
251 388
251 389
251 390
251 391
251 392
251 393
251 394
251 395
251 396
251 397
251 398
251 399
251 400
251 401
251 402
251 403
251 404
251 405
251 528
251 529
251 530
251 531
251 532
251 533
251 534
251 535
251 536
251 537
251 538
251 539
251 540
251 541
251 544
251 545
251 546
251 547
251 548
251 549
251 550
251 551
251 552
251 553
251 554
251 555
251 556
251 557
251 558
251 559
251 560
251 561
251 693
251 694
251 695
251 696
251 697
251 698
251 699
251 700
251 701
251 702
251 703
251 704
251 705
251 706
251 707
251 741
251 742
251 743
251 744
251 745
251 746
251 747
252 385
252 386
252 387
252 388
252 389
252 390
252 391
252 392
252 393
252 394
252 395
252 396
252 397
252 398
252 399
252 400
252 401
252 402
252 530
252 531
252 532
252 533
252 534
252 535
252 536
252 537
252 538
252 539
252 540
252 541
252 542
252 543
252 547
252 548
252 549
252 550
252 551
252 552
252 553
252 554
252 555
252 556
252 557
252 558
252 559
252 560
252 561
252 562
252 563
252 564
252 691
252 692
252 693
252 694
252 695
252 696
252 697
252 698
252 699
252 700
252 701
252 702
252 703
252 740
252 741
252 742
252 743
252 744
252 745
252 746
253 382
253 383
253 384
253 385
253 386
253 387
253 388
253 389
253 390
253 391
253 392
253 393
253 394
253 395
253 396
253 397
253 398
253 399
253 532
253 533
253 534
253 535
253 536
253 537
253 538
253 539
253 540
253 541
253 542
253 543
253 544
253 545
253 550
253 551
253 552
253 553
253 554
253 555
253 556
253 557
253 558
253 559
253 560
253 561
253 562
253 563
253 564
253 565
253 566
253 690
253 691
253 692
253 693
253 694
253 695
253 696
253 697
253 698
253 699
253 700
253 701
253 740
253 741
253 742
253 743
253 744
253 745
253 746
254 379
254 380
254 381
254 382
254 383
254 384
254 385
254 386
254 387
254 388
254 389
254 390
254 391
254 392
254 393
254 394
254 395
254 396
254 534
254 535
254 536
254 537
254 538
254 539
254 540
254 541
254 542
254 543
254 544
254 545
254 546
254 547
254 552
254 553
254 554
254 555
254 556
254 557
254 558
254 559
254 560
254 561
254 562
254 563
254 564
254 565
254 566
254 567
254 568
254 569
254 688
254 689
254 690
254 691
254 692
254 693
254 694
254 695
254 696
254 697
254 698
254 699
254 739
254 740
254 741
254 742
254 743
254 744
254 745
255 376
255 377
255 378
255 379
255 380
255 381
255 382
255 383
255 384
255 385
255 386
255 387
255 388
255 389
255 390
255 391
255 392
255 393
255 536
255 537
255 538
255 539
255 540
255 541
255 542
255 543
255 544
255 545
255 546
255 547
255 548
255 549
255 555
255 556
255 557
255 558
255 559
255 560
255 561
255 562
255 563
255 564
255 565
255 566
255 567
255 568
255 569
255 570
255 571
255 572
255 686
255 687
255 688
255 689
255 690
255 691
255 692
255 693
255 694
255 695
255 696
255 697
255 738
255 739
255 740
255 741
255 742
255 743
255 744
256 373
256 374
256 375
256 376
256 377
256 378
256 379
256 380
256 381
256 382
256 383
256 384
256 385
256 386
256 387
256 388
256 389
256 390
256 391
256 538
256 539
256 540
256 541
256 542
256 543
256 544
256 545
256 546
256 547
256 548
256 549
256 550
256 551
256 558
256 559
256 560
256 561
256 562
256 563
256 564
256 565
256 566
256 567
256 568
256 569
256 570
256 571
256 572
256 573
256 574
256 575
256 684
256 685
256 686
256 687
256 688
256 689
256 690
256 691
256 692
256 693
256 694
256 695
256 738
256 739
256 740
256 741
256 742
256 743
256 744
257 371
257 372
257 373
257 374
257 375
257 376
257 377
257 378
257 379
257 380
257 381
257 382
257 383
257 384
257 385
257 386
257 387
257 388
257 540
257 541
257 542
257 543
257 544
257 545
257 546
257 547
257 548
257 549
257 550
257 551
257 552
257 553
257 561
257 562
257 563
257 564
257 565
257 566
257 567
257 568
257 569
257 570
257 571
257 572
257 573
257 574
257 575
257 576
257 577
257 578
257 682
257 683
257 684
257 685
257 686
257 687
257 688
257 689
257 690
257 691
257 692
257 693
257 694
257 737
257 738
257 739
257 740
257 741
257 742
257 743
258 368
258 369
258 370
258 371
258 372
258 373
258 374
258 375
258 376
258 377
258 378
258 379
258 380
258 381
258 382
258 383
258 384
258 385
258 542
258 543
258 544
258 545
258 546
258 547
258 548
258 549
258 550
258 551
258 552
258 553
258 554
258 555
258 564
258 565
258 566
258 567
258 568
258 569
258 570
258 571
258 572
258 573
258 574
258 575
258 576
258 577
258 578
258 579
258 580
258 681
258 682
258 683
258 684
258 685
258 686
258 687
258 688
258 689
258 690
258 691
258 692
258 737
258 738
258 739
258 740
258 741
258 742
258 743
259 365
259 366
259 367
259 368
259 369
259 370
259 371
259 372
259 373
259 374
259 375
259 376
259 377
259 378
259 379
259 380
259 381
259 382
259 544
259 545
259 546
259 547
259 548
259 549
259 550
259 551
259 552
259 553
259 554
259 555
259 556
259 557
259 566
259 567
259 568
259 569
259 570
259 571
259 572
259 573
259 574
259 575
259 576
259 577
259 578
259 579
259 580
259 581
259 582
259 583
259 679
259 680
259 681
259 682
259 683
259 684
259 685
259 686
259 687
259 688
259 689
259 690
259 736
259 737
259 738
259 739
259 740
259 741
259 742
260 362
260 363
260 364
260 365
260 366
260 367
260 368
260 369
260 370
260 371
260 372
260 373
260 374
260 375
260 376
260 377
260 378
260 379
260 546
260 547
260 548
260 549
260 550
260 551
260 552
260 553
260 554
260 555
260 556
260 557
260 558
260 559
260 569
260 570
260 571
260 572
260 573
260 574
260 575
260 576
260 577
260 578
260 579
260 580
260 581
260 582
260 583
260 584
260 585
260 586
260 677
260 678
260 679
260 680
260 681
260 682
260 683
260 684
260 685
260 686
260 687
260 688
260 736
260 737
260 738
260 739
260 740
260 741
260 742
261 359
261 360
261 361
261 362
261 363
261 364
261 365
261 366
261 367
261 368
261 369
261 370
261 371
261 372
261 373
261 374
261 375
261 376
261 548
261 549
261 550
261 551
261 552
261 553
261 554
261 555
261 556
261 557
261 558
261 559
261 560
261 561
261 572
261 573
261 574
261 575
261 576
261 577
261 578
261 579
261 580
261 581
261 582
261 583
261 584
261 585
261 586
261 587
261 588
261 675
261 676
261 677
261 678
261 679
261 680
261 681
261 682
261 683
261 684
261 685
261 686
261 735
261 736
261 737
261 738
261 739
261 740
261 741
262 356
262 357
262 358
262 359
262 360
262 361
262 362
262 363
262 364
262 365
262 366
262 367
262 368
262 369
262 370
262 371
262 372
262 373
262 550
262 551
262 552
262 553
262 554
262 555
262 556
262 557
262 558
262 559
262 560
262 561
262 562
262 563
262 564
262 575
262 576
262 577
262 578
262 579
262 580
262 581
262 582
262 583
262 584
262 585
262 586
262 587
262 588
262 589
262 673
262 674
262 675
262 676
262 677
262 678
262 679
262 680
262 681
262 682
262 683
262 684
262 685
262 734
262 735
262 736
262 737
262 738
262 739
262 740
263 353
263 354
263 355
263 356
263 357
263 358
263 359
263 360
263 361
263 362
263 363
263 364
263 365
263 366
263 367
263 368
263 369
263 370
263 371
263 552
263 553
263 554
263 555
263 556
263 557
263 558
263 559
263 560
263 561
263 562
263 563
263 564
263 565
263 566
263 578
263 579
263 580
263 581
263 582
263 583
263 584
263 585
263 586
263 587
263 588
263 589
263 590
263 591
263 672
263 673
263 674
263 675
263 676
263 677
263 678
263 679
263 680
263 681
263 682
263 683
263 734
263 735
263 736
263 737
263 738
263 739
263 740
264 351
264 352
264 353
264 354
264 355
264 356
264 357
264 358
264 359
264 360
264 361
264 362
264 363
264 364
264 365
264 366
264 367
264 368
264 554
264 555
264 556
264 557
264 558
264 559
264 560
264 561
264 562
264 563
264 564
264 565
264 566
264 567
264 568
264 569
264 580
264 581
264 582
264 583
264 584
264 585
264 586
264 587
264 588
264 589
264 590
264 591
264 592
264 593
264 671
264 672
264 673
264 674
264 675
264 676
264 677
264 678
264 679
264 680
264 681
264 733
264 734
264 735
264 736
264 737
264 738
264 739
265 348
265 349
265 350
265 351
265 352
265 353
265 354
265 355
265 356
265 357
265 358
265 359
265 360
265 361
265 362
265 363
265 364
265 365
265 556
265 557
265 558
265 559
265 560
265 561
265 562
265 563
265 564
265 565
265 566
265 567
265 568
265 569
265 570
265 571
265 583
265 584
265 585
265 586
265 587
265 588
265 589
265 590
265 591
265 592
265 593
265 594
265 669
265 670
265 671
265 672
265 673
265 674
265 675
265 676
265 677
265 678
265 679
265 733
265 734
265 735
265 736
265 737
265 738
265 739
266 345
266 346
266 347
266 348
266 349
266 350
266 351
266 352
266 353
266 354
266 355
266 356
266 357
266 358
266 359
266 360
266 361
266 362
266 558
266 559
266 560
266 561
266 562
266 563
266 564
266 565
266 566
266 567
266 568
266 569
266 570
266 571
266 572
266 573
266 574
266 585
266 586
266 587
266 588
266 589
266 590
266 591
266 592
266 593
266 594
266 595
266 596
266 668
266 669
266 670
266 671
266 672
266 673
266 674
266 675
266 676
266 677
266 732
266 733
266 734
266 735
266 736
266 737
266 738
267 342
267 343
267 344
267 345
267 346
267 347
267 348
267 349
267 350
267 351
267 352
267 353
267 354
267 355
267 356
267 357
267 358
267 359
267 561
267 562
267 563
267 564
267 565
267 566
267 567
267 568
267 569
267 570
267 571
267 572
267 573
267 574
267 575
267 576
267 577
267 586
267 587
267 588
267 589
267 590
267 591
267 592
267 593
267 594
267 595
267 596
267 597
267 598
267 667
267 668
267 669
267 670
267 671
267 672
267 673
267 674
267 675
267 676
267 732
267 733
267 734
267 735
267 736
267 737
267 738
268 339
268 340
268 341
268 342
268 343
268 344
268 345
268 346
268 347
268 348
268 349
268 350
268 351
268 352
268 353
268 354
268 355
268 356
268 563
268 564
268 565
268 566
268 567
268 568
268 569
268 570
268 571
268 572
268 573
268 574
268 575
268 576
268 577
268 578
268 579
268 580
268 588
268 589
268 590
268 591
268 592
268 593
268 594
268 595
268 596
268 597
268 598
268 599
268 600
268 665
268 666
268 667
268 668
268 669
268 670
268 671
268 672
268 673
268 674
268 731
268 732
268 733
268 734
268 735
268 736
268 737
269 336
269 337
269 338
269 339
269 340
269 341
269 342
269 343
269 344
269 345
269 346
269 347
269 348
269 349
269 350
269 351
269 352
269 353
269 566
269 567
269 568
269 569
269 570
269 571
269 572
269 573
269 574
269 575
269 576
269 577
269 578
269 579
269 580
269 581
269 582
269 590
269 591
269 592
269 593
269 594
269 595
269 596
269 597
269 598
269 599
269 600
269 601
269 664
269 665
269 666
269 667
269 668
269 669
269 670
269 671
269 672
269 673
269 730
269 731
269 732
269 733
269 734
269 735
269 736
270 333
270 334
270 335
270 336
270 337
270 338
270 339
270 340
270 341
270 342
270 343
270 344
270 345
270 346
270 347
270 348
270 349
270 350
270 569
270 570
270 571
270 572
270 573
270 574
270 575
270 576
270 577
270 578
270 579
270 580
270 581
270 582
270 583
270 584
270 585
270 591
270 592
270 593
270 594
270 595
270 596
270 597
270 598
270 599
270 600
270 601
270 602
270 603
270 663
270 664
270 665
270 666
270 667
270 668
270 669
270 670
270 671
270 672
270 729
270 730
270 731
270 732
270 733
270 734
270 735
270 736
271 330
271 331
271 332
271 333
271 334
271 335
271 336
271 337
271 338
271 339
271 340
271 341
271 342
271 343
271 344
271 345
271 346
271 347
271 348
271 572
271 573
271 574
271 575
271 576
271 577
271 578
271 579
271 580
271 581
271 582
271 583
271 584
271 585
271 586
271 587
271 588
271 593
271 594
271 595
271 596
271 597
271 598
271 599
271 600
271 601
271 602
271 603
271 604
271 605
271 662
271 663
271 664
271 665
271 666
271 667
271 668
271 669
271 670
271 729
271 730
271 731
271 732
271 733
271 734
271 735
272 328
272 329
272 330
272 331
272 332
272 333
272 334
272 335
272 336
272 337
272 338
272 339
272 340
272 341
272 342
272 343
272 344
272 345
272 574
272 575
272 576
272 577
272 578
272 579
272 580
272 581
272 582
272 583
272 584
272 585
272 586
272 587
272 588
272 589
272 590
272 595
272 596
272 597
272 598
272 599
272 600
272 601
272 602
272 603
272 604
272 605
272 606
272 661
272 662
272 663
272 664
272 665
272 666
272 667
272 668
272 669
272 728
272 729
272 730
272 731
272 732
272 733
272 734
272 735
273 325
273 326
273 327
273 328
273 329
273 330
273 331
273 332
273 333
273 334
273 335
273 336
273 337
273 338
273 339
273 340
273 341
273 342
273 577
273 578
273 579
273 580
273 581
273 582
273 583
273 584
273 585
273 586
273 587
273 588
273 589
273 590
273 591
273 592
273 593
273 597
273 598
273 599
273 600
273 601
273 602
273 603
273 604
273 605
273 606
273 607
273 608
273 659
273 660
273 661
273 662
273 663
273 664
273 665
273 666
273 667
273 668
273 727
273 728
273 729
273 730
273 731
273 732
273 733
273 734
274 322
274 323
274 324
274 325
274 326
274 327
274 328
274 329
274 330
274 331
274 332
274 333
274 334
274 335
274 336
274 337
274 338
274 339
274 580
274 581
274 582
274 583
274 584
274 585
274 586
274 587
274 588
274 589
274 590
274 591
274 592
274 593
274 594
274 595
274 596
274 598
274 599
274 600
274 601
274 602
274 603
274 604
274 605
274 606
274 607
274 608
274 609
274 610
274 658
274 659
274 660
274 661
274 662
274 663
274 664
274 665
274 666
274 667
274 726
274 727
274 728
274 729
274 730
274 731
274 732
274 733
275 319
275 320
275 321
275 322
275 323
275 324
275 325
275 326
275 327
275 328
275 329
275 330
275 331
275 332
275 333
275 334
275 335
275 336
275 582
275 583
275 584
275 585
275 586
275 587
275 588
275 589
275 590
275 591
275 592
275 593
275 594
275 595
275 596
275 597
275 598
275 600
275 601
275 602
275 603
275 604
275 605
275 606
275 607
275 608
275 609
275 610
275 611
275 612
275 657
275 658
275 659
275 660
275 661
275 662
275 663
275 664
275 665
275 725
275 726
275 727
275 728
275 729
275 730
275 731
275 732
276 316
276 317
276 318
276 319
276 320
276 321
276 322
276 323
276 324
276 325
276 326
276 327
276 328
276 329
276 330
276 331
276 332
276 333
276 585
276 586
276 587
276 588
276 589
276 590
276 591
276 592
276 593
276 594
276 595
276 596
276 597
276 598
276 599
276 600
276 601
276 602
276 603
276 604
276 605
276 606
276 607
276 608
276 609
276 610
276 611
276 612
276 613
276 656
276 657
276 658
276 659
276 660
276 661
276 662
276 663
276 664
276 724
276 725
276 726
276 727
276 728
276 729
276 730
276 731
277 315
277 316
277 317
277 318
277 319
277 320
277 321
277 322
277 323
277 324
277 325
277 326
277 327
277 328
277 329
277 330
277 588
277 589
277 590
277 591
277 592
277 593
277 594
277 595
277 596
277 597
277 598
277 599
277 600
277 601
277 602
277 603
277 604
277 605
277 606
277 607
277 608
277 609
277 610
277 611
277 612
277 613
277 614
277 615
277 655
277 656
277 657
277 658
277 659
277 660
277 661
277 662
277 663
277 724
277 725
277 726
277 727
277 728
277 729
277 730
278 314
278 315
278 316
278 317
278 318
278 319
278 320
278 321
278 322
278 323
278 324
278 325
278 326
278 327
278 590
278 591
278 592
278 593
278 594
278 595
278 596
278 597
278 598
278 599
278 600
278 601
278 602
278 603
278 604
278 605
278 606
278 607
278 608
278 609
278 610
278 611
278 612
278 613
278 614
278 615
278 616
278 617
278 653
278 654
278 655
278 656
278 657
278 658
278 659
278 660
278 661
278 662
278 723
278 724
278 725
278 726
278 727
278 728
278 729
278 730
279 313
279 314
279 315
279 316
279 317
279 318
279 319
279 320
279 321
279 322
279 323
279 324
279 593
279 594
279 595
279 596
279 597
279 598
279 599
279 600
279 601
279 602
279 603
279 604
279 605
279 606
279 607
279 608
279 609
279 610
279 611
279 612
279 613
279 614
279 615
279 616
279 617
279 618
279 649
279 650
279 651
279 652
279 653
279 654
279 655
279 656
279 657
279 658
279 659
279 660
279 661
279 722
279 723
279 724
279 725
279 726
279 727
279 728
279 729
280 311
280 312
280 313
280 314
280 315
280 316
280 317
280 318
280 319
280 320
280 321
280 322
280 596
280 597
280 598
280 599
280 600
280 601
280 602
280 603
280 604
280 605
280 606
280 607
280 608
280 609
280 610
280 611
280 612
280 613
280 614
280 615
280 616
280 617
280 618
280 619
280 620
280 638
280 639
280 640
280 641
280 642
280 643
280 644
280 645
280 646
280 647
280 648
280 649
280 650
280 651
280 652
280 653
280 654
280 655
280 656
280 657
280 658
280 659
280 721
280 722
280 723
280 724
280 725
280 726
280 727
280 728
281 310
281 311
281 312
281 313
281 314
281 315
281 316
281 317
281 318
281 319
281 599
281 600
281 601
281 602
281 603
281 604
281 605
281 606
281 607
281 608
281 609
281 610
281 611
281 612
281 613
281 614
281 615
281 616
281 617
281 618
281 619
281 620
281 621
281 622
281 623
281 624
281 625
281 626
281 627
281 628
281 629
281 630
281 631
281 632
281 633
281 634
281 635
281 636
281 637
281 638
281 639
281 640
281 641
281 642
281 643
281 644
281 645
281 646
281 647
281 648
281 649
281 650
281 651
281 652
281 653
281 654
281 655
281 656
281 657
281 658
281 720
281 721
281 722
281 723
281 724
281 725
281 726
281 727
282 309
282 310
282 311
282 312
282 313
282 314
282 315
282 316
282 317
282 601
282 602
282 603
282 604
282 605
282 606
282 607
282 608
282 609
282 610
282 611
282 612
282 613
282 614
282 615
282 616
282 617
282 618
282 619
282 620
282 621
282 622
282 623
282 624
282 625
282 626
282 627
282 628
282 629
282 630
282 631
282 632
282 633
282 634
282 635
282 636
282 637
282 638
282 639
282 640
282 641
282 642
282 643
282 644
282 645
282 646
282 647
282 648
282 649
282 650
282 651
282 652
282 653
282 654
282 655
282 656
282 657
282 719
282 720
282 721
282 722
282 723
282 724
282 725
282 726
283 308
283 309
283 310
283 311
283 312
283 313
283 314
283 315
283 316
283 604
283 605
283 606
283 607
283 608
283 609
283 610
283 611
283 612
283 613
283 614
283 615
283 616
283 617
283 618
283 619
283 620
283 621
283 622
283 623
283 624
283 625
283 626
283 627
283 628
283 629
283 630
283 631
283 632
283 633
283 634
283 635
283 636
283 637
283 638
283 639
283 640
283 641
283 642
283 643
283 644
283 645
283 646
283 647
283 648
283 649
283 650
283 651
283 652
283 653
283 654
283 655
283 656
283 718
283 719
283 720
283 721
283 722
283 723
283 724
283 725
284 306
284 307
284 308
284 309
284 310
284 311
284 312
284 313
284 314
284 315
284 606
284 607
284 608
284 609
284 610
284 611
284 612
284 613
284 614
284 615
284 616
284 617
284 618
284 619
284 620
284 621
284 622
284 623
284 624
284 625
284 626
284 627
284 628
284 629
284 630
284 631
284 632
284 633
284 634
284 635
284 636
284 637
284 638
284 639
284 640
284 641
284 642
284 643
284 644
284 645
284 646
284 647
284 648
284 649
284 650
284 651
284 652
284 653
284 654
284 655
284 718
284 719
284 720
284 721
284 722
284 723
284 724
284 725
285 305
285 306
285 307
285 308
285 309
285 310
285 311
285 312
285 313
285 314
285 609
285 610
285 611
285 612
285 613
285 614
285 615
285 616
285 617
285 618
285 619
285 620
285 621
285 622
285 623
285 624
285 625
285 626
285 627
285 628
285 629
285 630
285 631
285 632
285 633
285 634
285 635
285 636
285 637
285 638
285 639
285 640
285 641
285 642
285 643
285 644
285 645
285 646
285 647
285 717
285 718
285 719
285 720
285 721
285 722
285 723
285 724
286 304
286 305
286 306
286 307
286 308
286 309
286 310
286 311
286 312
286 313
286 619
286 620
286 621
286 622
286 623
286 624
286 625
286 626
286 627
286 628
286 629
286 630
286 631
286 632
286 633
286 634
286 635
286 636
286 716
286 717
286 718
286 719
286 720
286 721
286 722
286 723
287 303
287 304
287 305
287 306
287 307
287 308
287 309
287 310
287 311
287 620
287 621
287 622
287 623
287 624
287 625
287 626
287 627
287 628
287 629
287 630
287 631
287 632
287 715
287 716
287 717
287 718
287 719
287 720
287 721
287 722
288 301
288 302
288 303
288 304
288 305
288 306
288 307
288 308
288 309
288 310
288 622
288 623
288 624
288 625
288 626
288 627
288 628
288 629
288 630
288 631
288 632
288 633
288 634
288 714
288 715
288 716
288 717
288 718
288 719
288 720
288 721
289 300
289 301
289 302
289 303
289 304
289 305
289 306
289 307
289 308
289 309
289 624
289 625
289 626
289 627
289 628
289 629
289 630
289 631
289 632
289 633
289 634
289 635
289 713
289 714
289 715
289 716
289 717
289 718
289 719
289 720
290 299
290 300
290 301
290 302
290 303
290 304
290 305
290 306
290 307
290 308
290 625
290 626
290 627
290 628
290 629
290 630
290 631
290 632
290 633
290 634
290 635
290 636
290 637
290 712
290 713
290 714
290 715
290 716
290 717
290 718
290 719
291 298
291 299
291 300
291 301
291 302
291 303
291 304
291 305
291 306
291 627
291 628
291 629
291 630
291 631
291 632
291 633
291 634
291 635
291 636
291 637
291 638
291 639
291 712
291 713
291 714
291 715
291 716
291 717
291 718
291 719
292 297
292 298
292 299
292 300
292 301
292 302
292 303
292 304
292 305
292 629
292 630
292 631
292 632
292 633
292 634
292 635
292 636
292 637
292 638
292 639
292 640
292 711
292 712
292 713
292 714
292 715
292 716
292 717
292 718
293 295
293 296
293 297
293 298
293 299
293 300
293 301
293 302
293 303
293 304
293 630
293 631
293 632
293 633
293 634
293 635
293 636
293 637
293 638
293 639
293 640
293 641
293 642
293 710
293 711
293 712
293 713
293 714
293 715
293 716
293 717
294 294
294 295
294 296
294 297
294 298
294 299
294 300
294 301
294 302
294 303
294 632
294 633
294 634
294 635
294 636
294 637
294 638
294 639
294 640
294 641
294 642
294 643
294 644
294 709
294 710
294 711
294 712
294 713
294 714
294 715
294 716
295 293
295 294
295 295
295 296
295 297
295 298
295 299
295 300
295 301
295 634
295 635
295 636
295 637
295 638
295 639
295 640
295 641
295 642
295 643
295 644
295 645
295 708
295 709
295 710
295 711
295 712
295 713
295 714
295 715
296 292
296 293
296 294
296 295
296 296
296 297
296 298
296 299
296 300
296 636
296 637
296 638
296 639
296 640
296 641
296 642
296 643
296 644
296 645
296 646
296 647
296 707
296 708
296 709
296 710
296 711
296 712
296 713
296 714
297 290
297 291
297 292
297 293
297 294
297 295
297 296
297 297
297 298
297 299
297 637
297 638
297 639
297 640
297 641
297 642
297 643
297 644
297 645
297 646
297 647
297 648
297 649
297 707
297 708
297 709
297 710
297 711
297 712
297 713
298 289
298 290
298 291
298 292
298 293
298 294
298 295
298 296
298 297
298 298
298 639
298 640
298 641
298 642
298 643
298 644
298 645
298 646
298 647
298 648
298 649
298 650
298 651
298 706
298 707
298 708
298 709
298 710
298 711
298 712
298 713
299 288
299 289
299 290
299 291
299 292
299 293
299 294
299 295
299 296
299 641
299 642
299 643
299 644
299 645
299 646
299 647
299 648
299 649
299 650
299 651
299 652
299 705
299 706
299 707
299 708
299 709
299 710
299 711
299 712
300 287
300 288
300 289
300 290
300 291
300 292
300 293
300 294
300 295
300 642
300 643
300 644
300 645
300 646
300 647
300 648
300 649
300 650
300 651
300 652
300 653
300 654
300 704
300 705
300 706
300 707
300 708
300 709
300 710
300 711
301 285
301 286
301 287
301 288
301 289
301 290
301 291
301 292
301 293
301 294
301 644
301 645
301 646
301 647
301 648
301 649
301 650
301 651
301 652
301 653
301 654
301 655
301 656
301 703
301 704
301 705
301 706
301 707
301 708
301 709
301 710
302 284
302 285
302 286
302 287
302 288
302 289
302 290
302 291
302 292
302 293
302 646
302 647
302 648
302 649
302 650
302 651
302 652
302 653
302 654
302 655
302 656
302 657
302 702
302 703
302 704
302 705
302 706
302 707
302 708
302 709
303 283
303 284
303 285
303 286
303 287
303 288
303 289
303 290
303 291
303 292
303 647
303 648
303 649
303 650
303 651
303 652
303 653
303 654
303 655
303 656
303 657
303 658
303 659
303 701
303 702
303 703
303 704
303 705
303 706
303 707
303 708
304 282
304 283
304 284
304 285
304 286
304 287
304 288
304 289
304 290
304 649
304 650
304 651
304 652
304 653
304 654
304 655
304 656
304 657
304 658
304 659
304 660
304 661
304 700
304 701
304 702
304 703
304 704
304 705
304 706
304 707
304 708
305 280
305 281
305 282
305 283
305 284
305 285
305 286
305 287
305 288
305 289
305 651
305 652
305 653
305 654
305 655
305 656
305 657
305 658
305 659
305 660
305 661
305 662
305 699
305 700
305 701
305 702
305 703
305 704
305 705
305 706
305 707
306 279
306 280
306 281
306 282
306 283
306 284
306 285
306 286
306 287
306 288
306 653
306 654
306 655
306 656
306 657
306 658
306 659
306 660
306 661
306 662
306 663
306 664
306 698
306 699
306 700
306 701
306 702
306 703
306 704
306 705
306 706
307 278
307 279
307 280
307 281
307 282
307 283
307 284
307 285
307 286
307 287
307 654
307 655
307 656
307 657
307 658
307 659
307 660
307 661
307 662
307 663
307 664
307 665
307 666
307 697
307 698
307 699
307 700
307 701
307 702
307 703
307 704
307 705
308 277
308 278
308 279
308 280
308 281
308 282
308 283
308 284
308 285
308 656
308 657
308 658
308 659
308 660
308 661
308 662
308 663
308 664
308 665
308 666
308 667
308 668
308 696
308 697
308 698
308 699
308 700
308 701
308 702
308 703
308 704
309 276
309 277
309 278
309 279
309 280
309 281
309 282
309 283
309 284
309 658
309 659
309 660
309 661
309 662
309 663
309 664
309 665
309 666
309 667
309 668
309 669
309 695
309 696
309 697
309 698
309 699
309 700
309 701
309 702
309 703
310 274
310 275
310 276
310 277
310 278
310 279
310 280
310 281
310 282
310 283
310 659
310 660
310 661
310 662
310 663
310 664
310 665
310 666
310 667
310 668
310 669
310 670
310 671
310 694
310 695
310 696
310 697
310 698
310 699
310 700
310 701
310 702
311 273
311 274
311 275
311 276
311 277
311 278
311 279
311 280
311 281
311 282
311 661
311 662
311 663
311 664
311 665
311 666
311 667
311 668
311 669
311 670
311 671
311 672
311 673
311 693
311 694
311 695
311 696
311 697
311 698
311 699
311 700
311 701
312 273
312 274
312 275
312 276
312 277
312 278
312 279
312 280
312 663
312 664
312 665
312 666
312 667
312 668
312 669
312 670
312 671
312 672
312 673
312 674
312 692
312 693
312 694
312 695
312 696
312 697
312 698
312 699
313 272
313 273
313 274
313 275
313 276
313 277
313 278
313 279
313 664
313 665
313 666
313 667
313 668
313 669
313 670
313 671
313 672
313 673
313 674
313 675
313 676
313 691
313 692
313 693
313 694
313 695
313 696
313 697
313 698
314 272
314 273
314 274
314 275
314 276
314 277
314 278
314 666
314 667
314 668
314 669
314 670
314 671
314 672
314 673
314 674
314 675
314 676
314 677
314 678
314 690
314 691
314 692
314 693
314 694
314 695
314 696
314 697
315 271
315 272
315 273
315 274
315 275
315 276
315 277
315 668
315 669
315 670
315 671
315 672
315 673
315 674
315 675
315 676
315 677
315 678
315 679
315 689
315 690
315 691
315 692
315 693
315 694
315 695
315 696
316 270
316 271
316 272
316 273
316 274
316 275
316 276
316 669
316 670
316 671
316 672
316 673
316 674
316 675
316 676
316 677
316 678
316 679
316 680
316 681
316 687
316 688
316 689
316 690
316 691
316 692
316 693
316 694
316 695
317 270
317 271
317 272
317 273
317 274
317 275
317 276
317 671
317 672
317 673
317 674
317 675
317 676
317 677
317 678
317 679
317 680
317 681
317 682
317 683
317 686
317 687
317 688
317 689
317 690
317 691
317 692
317 693
317 694
318 269
318 270
318 271
318 272
318 273
318 274
318 275
318 673
318 674
318 675
318 676
318 677
318 678
318 679
318 680
318 681
318 682
318 683
318 684
318 685
318 686
318 687
318 688
318 689
318 690
318 691
318 692
318 693
319 268
319 269
319 270
319 271
319 272
319 273
319 274
319 275
319 675
319 676
319 677
319 678
319 679
319 680
319 681
319 682
319 683
319 684
319 685
319 686
319 687
319 688
319 689
319 690
319 691
319 692
320 268
320 269
320 270
320 271
320 272
320 273
320 274
320 676
320 677
320 678
320 679
320 680
320 681
320 682
320 683
320 684
320 685
320 686
320 687
320 688
320 689
320 690
320 691
321 267
321 268
321 269
321 270
321 271
321 272
321 273
321 678
321 679
321 680
321 681
321 682
321 683
321 684
321 685
321 686
321 687
321 688
321 689
321 690
322 267
322 268
322 269
322 270
322 271
322 272
322 273
322 680
322 681
322 682
322 683
322 684
322 685
322 686
322 687
322 688
322 689
322 690
322 691
323 266
323 267
323 268
323 269
323 270
323 271
323 272
323 680
323 681
323 682
323 683
323 684
323 685
323 686
323 687
323 688
323 689
323 690
323 691
323 692
323 693
324 265
324 266
324 267
324 268
324 269
324 270
324 271
324 272
324 679
324 680
324 681
324 682
324 683
324 684
324 685
324 686
324 687
324 688
324 689
324 690
324 691
324 692
324 693
324 694
324 695
325 265
325 266
325 267
325 268
325 269
325 270
325 271
325 678
325 679
325 680
325 681
325 682
325 683
325 684
325 685
325 686
325 687
325 688
325 689
325 690
325 691
325 692
325 693
325 694
325 695
325 696
326 264
326 265
326 266
326 267
326 268
326 269
326 270
326 677
326 678
326 679
326 680
326 681
326 682
326 683
326 684
326 685
326 687
326 688
326 689
326 690
326 691
326 692
326 693
326 694
326 695
326 696
326 697
326 698
327 263
327 264
327 265
327 266
327 267
327 268
327 269
327 270
327 675
327 676
327 677
327 678
327 679
327 680
327 681
327 682
327 683
327 684
327 688
327 689
327 690
327 691
327 692
327 693
327 694
327 695
327 696
327 697
327 698
327 699
328 263
328 264
328 265
328 266
328 267
328 268
328 269
328 674
328 675
328 676
328 677
328 678
328 679
328 680
328 681
328 682
328 690
328 691
328 692
328 693
328 694
328 695
328 696
328 697
328 698
328 699
329 262
329 263
329 264
329 265
329 266
329 267
329 268
329 673
329 674
329 675
329 676
329 677
329 678
329 679
329 680
329 681
329 692
329 693
329 694
329 695
329 696
329 697
329 698
329 699
330 262
330 263
330 264
330 265
330 266
330 267
330 268
330 672
330 673
330 674
330 675
330 676
330 677
330 678
330 679
330 680
330 693
330 694
330 695
330 696
330 697
330 698
330 699
331 261
331 262
331 263
331 264
331 265
331 266
331 267
331 671
331 672
331 673
331 674
331 675
331 676
331 677
331 678
331 679
331 695
331 696
331 697
331 698
332 260
332 261
332 262
332 263
332 264
332 265
332 266
332 267
332 670
332 671
332 672
332 673
332 674
332 675
332 676
332 677
332 678
333 260
333 261
333 262
333 263
333 264
333 265
333 266
333 669
333 670
333 671
333 672
333 673
333 674
333 675
333 676
333 677
334 259
334 260
334 261
334 262
334 263
334 264
334 265
334 667
334 668
334 669
334 670
334 671
334 672
334 673
334 674
334 675
334 676
335 259
335 260
335 261
335 262
335 263
335 264
335 265
335 666
335 667
335 668
335 669
335 670
335 671
335 672
335 673
335 674
336 258
336 259
336 260
336 261
336 262
336 263
336 264
336 665
336 666
336 667
336 668
336 669
336 670
336 671
336 672
336 673
337 257
337 258
337 259
337 260
337 261
337 262
337 263
337 264
337 664
337 665
337 666
337 667
337 668
337 669
337 670
337 671
337 672
338 257
338 258
338 259
338 260
338 261
338 262
338 263
338 663
338 664
338 665
338 666
338 667
338 668
338 669
338 670
338 671
339 256
339 257
339 258
339 259
339 260
339 261
339 262
339 662
339 663
339 664
339 665
339 666
339 667
339 668
339 669
339 670
340 255
340 256
340 257
340 258
340 259
340 260
340 261
340 262
340 661
340 662
340 663
340 664
340 665
340 666
340 667
340 668
340 669
341 255
341 256
341 257
341 258
341 259
341 260
341 261
341 659
341 660
341 661
341 662
341 663
341 664
341 665
341 666
341 667
341 668
342 254
342 255
342 256
342 257
342 258
342 259
342 260
342 658
342 659
342 660
342 661
342 662
342 663
342 664
342 665
342 666
343 254
343 255
343 256
343 257
343 258
343 259
343 260
343 657
343 658
343 659
343 660
343 661
343 662
343 663
343 664
343 665
344 253
344 254
344 255
344 256
344 257
344 258
344 259
344 656
344 657
344 658
344 659
344 660
344 661
344 662
344 663
344 664
345 252
345 253
345 254
345 255
345 256
345 257
345 258
345 259
345 655
345 656
345 657
345 658
345 659
345 660
345 661
345 662
345 663
346 252
346 253
346 254
346 255
346 256
346 257
346 258
346 654
346 655
346 656
346 657
346 658
346 659
346 660
346 661
346 662
347 251
347 252
347 253
347 254
347 255
347 256
347 257
347 653
347 654
347 655
347 656
347 657
347 658
347 659
347 660
347 661
348 251
348 252
348 253
348 254
348 255
348 256
348 257
348 651
348 652
348 653
348 654
348 655
348 656
348 657
348 658
348 659
348 660
349 250
349 251
349 252
349 253
349 254
349 255
349 256
349 650
349 651
349 652
349 653
349 654
349 655
349 656
349 657
349 658
350 249
350 250
350 251
350 252
350 253
350 254
350 255
350 256
350 649
350 650
350 651
350 652
350 653
350 654
350 655
350 656
350 657
351 249
351 250
351 251
351 252
351 253
351 254
351 255
351 648
351 649
351 650
351 651
351 652
351 653
351 654
351 655
351 656
352 248
352 249
352 250
352 251
352 252
352 253
352 254
352 647
352 648
352 649
352 650
352 651
352 652
352 653
352 654
352 655
353 247
353 248
353 249
353 250
353 251
353 252
353 253
353 254
353 646
353 647
353 648
353 649
353 650
353 651
353 652
353 653
353 654
354 247
354 248
354 249
354 250
354 251
354 252
354 253
354 645
354 646
354 647
354 648
354 649
354 650
354 651
354 652
354 653
355 246
355 247
355 248
355 249
355 250
355 251
355 252
355 643
355 644
355 645
355 646
355 647
355 648
355 649
355 650
355 651
355 652
356 246
356 247
356 248
356 249
356 250
356 251
356 252
356 642
356 643
356 644
356 645
356 646
356 647
356 648
356 649
356 650
357 245
357 246
357 247
357 248
357 249
357 250
357 251
357 641
357 642
357 643
357 644
357 645
357 646
357 647
357 648
357 649
358 244
358 245
358 246
358 247
358 248
358 249
358 250
358 251
358 639
358 640
358 641
358 642
358 643
358 644
358 645
358 646
358 647
358 648
359 244
359 245
359 246
359 247
359 248
359 249
359 250
359 637
359 638
359 639
359 640
359 641
359 642
359 643
359 644
359 645
359 646
359 647
360 243
360 244
360 245
360 246
360 247
360 248
360 249
360 636
360 637
360 638
360 639
360 640
360 641
360 642
360 643
360 644
360 645
360 646
361 243
361 244
361 245
361 246
361 247
361 248
361 249
361 634
361 635
361 636
361 637
361 638
361 639
361 640
361 641
361 642
361 643
361 644
361 645
362 242
362 243
362 244
362 245
362 246
362 247
362 248
362 633
362 634
362 635
362 636
362 637
362 638
362 639
362 640
362 641
362 642
362 643
363 241
363 242
363 243
363 244
363 245
363 246
363 247
363 631
363 632
363 633
363 634
363 635
363 636
363 637
363 638
363 639
363 640
363 641
364 241
364 242
364 243
364 244
364 245
364 246
364 247
364 629
364 630
364 631
364 632
364 633
364 634
364 635
364 636
364 637
364 638
364 639
364 640
365 241
365 242
365 243
365 244
365 245
365 246
365 628
365 629
365 630
365 631
365 632
365 633
365 634
365 635
365 636
365 637
365 638
366 241
366 242
366 243
366 244
366 245
366 246
366 626
366 627
366 628
366 629
366 630
366 631
366 632
366 633
366 634
366 635
366 636
366 637
367 241
367 242
367 243
367 244
367 245
367 246
367 624
367 625
367 626
367 627
367 628
367 629
367 630
367 631
367 632
367 633
367 634
367 635
368 241
368 242
368 243
368 244
368 245
368 246
368 623
368 624
368 625
368 626
368 627
368 628
368 629
368 630
368 631
368 632
368 633
369 241
369 242
369 243
369 244
369 245
369 621
369 622
369 623
369 624
369 625
369 626
369 627
369 628
369 629
369 630
369 631
369 632
370 241
370 242
370 243
370 244
370 245
370 620
370 621
370 622
370 623
370 624
370 625
370 626
370 627
370 628
370 629
370 630
371 240
371 241
371 242
371 243
371 244
371 245
371 618
371 619
371 620
371 621
371 622
371 623
371 624
371 625
371 626
371 627
371 628
372 240
372 241
372 242
372 243
372 244
372 245
372 616
372 617
372 618
372 619
372 620
372 621
372 622
372 623
372 624
372 625
372 626
372 627
373 240
373 241
373 242
373 243
373 244
373 245
373 615
373 616
373 617
373 618
373 619
373 620
373 621
373 622
373 623
373 624
373 625
374 240
374 241
374 242
374 243
374 244
374 245
374 613
374 614
374 615
374 616
374 617
374 618
374 619
374 620
374 621
374 622
374 623
374 624
375 240
375 241
375 242
375 243
375 244
375 245
375 612
375 613
375 614
375 615
375 616
375 617
375 618
375 619
375 620
375 621
375 622
376 240
376 241
376 242
376 243
376 244
376 245
376 610
376 611
376 612
376 613
376 614
376 615
376 616
376 617
376 618
376 619
376 620
377 240
377 241
377 242
377 243
377 244
377 245
377 608
377 609
377 610
377 611
377 612
377 613
377 614
377 615
377 616
377 617
377 618
377 619
378 240
378 241
378 242
378 243
378 244
378 245
378 607
378 608
378 609
378 610
378 611
378 612
378 613
378 614
378 615
378 616
378 617
379 240
379 241
379 242
379 243
379 244
379 245
379 605
379 606
379 607
379 608
379 609
379 610
379 611
379 612
379 613
379 614
379 615
379 616
380 240
380 241
380 242
380 243
380 244
380 603
380 604
380 605
380 606
380 607
380 608
380 609
380 610
380 611
380 612
380 613
380 614
381 240
381 241
381 242
381 243
381 244
381 602
381 603
381 604
381 605
381 606
381 607
381 608
381 609
381 610
381 611
381 612
382 239
382 240
382 241
382 242
382 243
382 244
382 600
382 601
382 602
382 603
382 604
382 605
382 606
382 607
382 608
382 609
382 610
382 611
383 239
383 240
383 241
383 242
383 243
383 244
383 599
383 600
383 601
383 602
383 603
383 604
383 605
383 606
383 607
383 608
383 609
384 239
384 240
384 241
384 242
384 243
384 244
384 597
384 598
384 599
384 600
384 601
384 602
384 603
384 604
384 605
384 606
384 607
385 239
385 240
385 241
385 242
385 243
385 244
385 595
385 596
385 597
385 598
385 599
385 600
385 601
385 602
385 603
385 604
385 605
385 606
386 239
386 240
386 241
386 242
386 243
386 244
386 592
386 593
386 594
386 595
386 596
386 597
386 598
386 599
386 600
386 601
386 602
386 603
386 604
387 239
387 240
387 241
387 242
387 243
387 244
387 589
387 590
387 591
387 592
387 593
387 594
387 595
387 596
387 597
387 598
387 599
387 600
387 601
387 602
387 603
388 239
388 240
388 241
388 242
388 243
388 244
388 586
388 587
388 588
388 589
388 590
388 591
388 592
388 593
388 594
388 595
388 596
388 597
388 598
388 599
388 600
388 601
389 239
389 240
389 241
389 242
389 243
389 244
389 583
389 584
389 585
389 586
389 587
389 588
389 589
389 590
389 591
389 592
389 593
389 594
389 595
389 596
389 597
389 598
389 599
390 239
390 240
390 241
390 242
390 243
390 244
390 579
390 580
390 581
390 582
390 583
390 584
390 585
390 586
390 587
390 588
390 589
390 590
390 591
390 592
390 593
390 594
390 595
390 596
390 597
390 598
391 239
391 240
391 241
391 242
391 243
391 244
391 576
391 577
391 578
391 579
391 580
391 581
391 582
391 583
391 584
391 585
391 586
391 587
391 588
391 589
391 590
391 591
391 592
391 593
391 594
391 595
392 239
392 240
392 241
392 242
392 243
392 244
392 573
392 574
392 575
392 576
392 577
392 578
392 579
392 580
392 581
392 582
392 583
392 584
392 585
392 586
392 587
392 588
392 589
392 590
392 591
392 592
393 240
393 241
393 242
393 243
393 244
393 570
393 571
393 572
393 573
393 574
393 575
393 576
393 577
393 578
393 579
393 580
393 581
393 582
393 583
393 584
393 585
393 586
393 587
393 588
393 589
394 240
394 241
394 242
394 243
394 244
394 568
394 569
394 570
394 571
394 572
394 573
394 574
394 575
394 576
394 577
394 578
394 579
394 580
394 581
394 582
394 583
394 584
394 585
395 240
395 241
395 242
395 243
395 244
395 565
395 566
395 567
395 568
395 569
395 570
395 571
395 572
395 573
395 574
395 575
395 576
395 577
395 578
395 579
395 580
395 581
395 582
396 240
396 241
396 242
396 243
396 244
396 563
396 564
396 565
396 566
396 567
396 568
396 569
396 570
396 571
396 572
396 573
396 574
396 575
396 576
396 577
396 578
396 579
397 240
397 241
397 242
397 243
397 244
397 245
397 561
397 562
397 563
397 564
397 565
397 566
397 567
397 568
397 569
397 570
397 571
397 572
397 573
397 574
397 575
397 576
398 240
398 241
398 242
398 243
398 244
398 245
398 559
398 560
398 561
398 562
398 563
398 564
398 565
398 566
398 567
398 568
398 569
398 570
398 571
398 572
398 573
399 240
399 241
399 242
399 243
399 244
399 245
399 556
399 557
399 558
399 559
399 560
399 561
399 562
399 563
399 564
399 565
399 566
399 567
399 568
399 569
399 570
399 571
400 240
400 241
400 242
400 243
400 244
400 245
400 554
400 555
400 556
400 557
400 558
400 559
400 560
400 561
400 562
400 563
400 564
400 565
400 566
400 567
400 568
401 240
401 241
401 242
401 243
401 244
401 245
401 551
401 552
401 553
401 554
401 555
401 556
401 557
401 558
401 559
401 560
401 561
401 562
401 563
401 564
401 565
401 566
402 240
402 241
402 242
402 243
402 244
402 245
402 549
402 550
402 551
402 552
402 553
402 554
402 555
402 556
402 557
402 558
402 559
402 560
402 561
402 562
402 563
403 240
403 241
403 242
403 243
403 244
403 245
403 246
403 546
403 547
403 548
403 549
403 550
403 551
403 552
403 553
403 554
403 555
403 556
403 557
403 558
403 559
403 560
403 561
404 240
404 241
404 242
404 243
404 244
404 245
404 246
404 247
404 544
404 545
404 546
404 547
404 548
404 549
404 550
404 551
404 552
404 553
404 554
404 555
404 556
404 557
404 558
404 559
405 240
405 241
405 242
405 243
405 244
405 245
405 246
405 247
405 248
405 542
405 543
405 544
405 545
405 546
405 547
405 548
405 549
405 550
405 551
405 552
405 553
405 554
405 555
405 556
406 241
406 242
406 243
406 244
406 245
406 246
406 247
406 248
406 249
406 539
406 540
406 541
406 542
406 543
406 544
406 545
406 546
406 547
406 548
406 549
406 550
406 551
406 552
406 553
406 554
407 242
407 243
407 244
407 245
407 246
407 247
407 248
407 249
407 250
407 537
407 538
407 539
407 540
407 541
407 542
407 543
407 544
407 545
407 546
407 547
407 548
407 549
407 550
407 551
407 552
408 243
408 244
408 245
408 246
408 247
408 248
408 249
408 250
408 251
408 535
408 536
408 537
408 538
408 539
408 540
408 541
408 542
408 543
408 544
408 545
408 546
408 547
408 548
408 549
409 244
409 245
409 246
409 247
409 248
409 249
409 250
409 251
409 252
409 532
409 533
409 534
409 535
409 536
409 537
409 538
409 539
409 540
409 541
409 542
409 543
409 544
409 545
409 546
409 547
410 245
410 246
410 247
410 248
410 249
410 250
410 251
410 252
410 253
410 530
410 531
410 532
410 533
410 534
410 535
410 536
410 537
410 538
410 539
410 540
410 541
410 542
410 543
410 544
410 545
411 247
411 248
411 249
411 250
411 251
411 252
411 253
411 254
411 528
411 529
411 530
411 531
411 532
411 533
411 534
411 535
411 536
411 537
411 538
411 539
411 540
411 541
411 542
412 248
412 249
412 250
412 251
412 252
412 253
412 254
412 255
412 525
412 526
412 527
412 528
412 529
412 530
412 531
412 532
412 533
412 534
412 535
412 536
412 537
412 538
412 539
412 540
413 249
413 250
413 251
413 252
413 253
413 254
413 255
413 256
413 257
413 523
413 524
413 525
413 526
413 527
413 528
413 529
413 530
413 531
413 532
413 533
413 534
413 535
413 536
413 537
414 250
414 251
414 252
414 253
414 254
414 255
414 256
414 257
414 258
414 520
414 521
414 522
414 523
414 524
414 525
414 526
414 527
414 528
414 529
414 530
414 531
414 532
414 533
414 534
414 535
415 251
415 252
415 253
415 254
415 255
415 256
415 257
415 258
415 259
415 517
415 518
415 519
415 520
415 521
415 522
415 523
415 524
415 525
415 526
415 527
415 528
415 529
415 530
415 531
415 532
416 252
416 253
416 254
416 255
416 256
416 257
416 258
416 259
416 260
416 511
416 512
416 513
416 514
416 515
416 516
416 517
416 518
416 519
416 520
416 521
416 522
416 523
416 524
416 525
416 526
416 527
416 528
416 529
416 530
417 253
417 254
417 255
417 256
417 257
417 258
417 259
417 260
417 261
417 505
417 506
417 507
417 508
417 509
417 510
417 511
417 512
417 513
417 514
417 515
417 516
417 517
417 518
417 519
417 520
417 521
417 522
417 523
417 524
417 525
417 526
417 527
417 528
418 254
418 255
418 256
418 257
418 258
418 259
418 260
418 261
418 262
418 499
418 500
418 501
418 502
418 503
418 504
418 505
418 506
418 507
418 508
418 509
418 510
418 511
418 512
418 513
418 514
418 515
418 516
418 517
418 518
418 519
418 520
418 521
418 522
418 523
418 524
418 525
418 526
419 255
419 256
419 257
419 258
419 259
419 260
419 261
419 262
419 263
419 264
419 493
419 494
419 495
419 496
419 497
419 498
419 499
419 500
419 501
419 502
419 503
419 504
419 505
419 506
419 507
419 508
419 509
419 510
419 511
419 512
419 513
419 514
419 515
419 516
419 517
419 518
419 519
419 520
419 521
419 522
419 523
420 256
420 257
420 258
420 259
420 260
420 261
420 262
420 263
420 264
420 265
420 266
420 488
420 489
420 490
420 491
420 492
420 493
420 494
420 495
420 496
420 497
420 498
420 499
420 500
420 501
420 502
420 503
420 504
420 505
420 506
420 507
420 508
420 509
420 510
420 511
420 512
420 513
420 514
420 515
420 516
420 517
420 518
420 519
420 520
420 521
421 257
421 258
421 259
421 260
421 261
421 262
421 263
421 264
421 265
421 266
421 267
421 484
421 485
421 486
421 487
421 488
421 489
421 490
421 491
421 492
421 493
421 494
421 495
421 496
421 497
421 498
421 499
421 500
421 501
421 502
421 503
421 504
421 505
421 506
421 507
421 508
421 509
421 510
421 511
421 512
421 513
421 514
421 515
421 516
422 258
422 259
422 260
422 261
422 262
422 263
422 264
422 265
422 266
422 267
422 268
422 269
422 480
422 481
422 482
422 483
422 484
422 485
422 486
422 487
422 488
422 489
422 490
422 491
422 492
422 493
422 494
422 495
422 496
422 497
422 498
422 499
422 500
422 501
422 502
422 503
422 504
422 505
422 506
422 507
422 508
422 509
422 510
423 260
423 261
423 262
423 263
423 264
423 265
423 266
423 267
423 268
423 269
423 270
423 271
423 475
423 476
423 477
423 478
423 479
423 480
423 481
423 482
423 483
423 484
423 485
423 486
423 487
423 488
423 489
423 490
423 491
423 492
423 493
423 494
423 495
423 496
423 497
423 498
423 499
423 500
423 501
423 502
423 503
423 504
424 262
424 263
424 264
424 265
424 266
424 267
424 268
424 269
424 270
424 271
424 272
424 273
424 471
424 472
424 473
424 474
424 475
424 476
424 477
424 478
424 479
424 480
424 481
424 482
424 483
424 484
424 485
424 486
424 487
424 488
424 489
424 490
424 491
424 492
424 493
424 494
424 495
424 496
424 497
424 498
425 263
425 264
425 265
425 266
425 267
425 268
425 269
425 270
425 271
425 272
425 273
425 274
425 275
425 466
425 467
425 468
425 469
425 470
425 471
425 472
425 473
425 474
425 475
425 476
425 477
425 478
425 479
425 480
425 481
425 482
425 483
425 484
425 485
425 486
425 487
425 488
425 489
425 490
425 491
425 492
425 493
425 494
426 265
426 266
426 267
426 268
426 269
426 270
426 271
426 272
426 273
426 274
426 275
426 276
426 277
426 278
426 462
426 463
426 464
426 465
426 466
426 467
426 468
426 469
426 470
426 471
426 472
426 473
426 474
426 475
426 476
426 477
426 478
426 479
426 480
426 481
426 482
426 483
426 484
426 485
426 486
426 487
426 488
426 489
427 267
427 268
427 269
427 270
427 271
427 272
427 273
427 274
427 275
427 276
427 277
427 278
427 279
427 280
427 457
427 458
427 459
427 460
427 461
427 462
427 463
427 464
427 465
427 466
427 467
427 468
427 469
427 470
427 471
427 472
427 473
427 474
427 475
427 476
427 477
427 478
427 479
427 480
427 481
427 482
427 483
427 484
427 485
428 268
428 269
428 270
428 271
428 272
428 273
428 274
428 275
428 276
428 277
428 278
428 279
428 280
428 281
428 282
428 453
428 454
428 455
428 456
428 457
428 458
428 459
428 460
428 461
428 462
428 463
428 464
428 465
428 466
428 467
428 468
428 469
428 470
428 471
428 472
428 473
428 474
428 475
428 476
428 477
428 478
428 479
428 480
429 271
429 272
429 273
429 274
429 275
429 276
429 277
429 278
429 279
429 280
429 281
429 282
429 283
429 284
429 448
429 449
429 450
429 451
429 452
429 453
429 454
429 455
429 456
429 457
429 458
429 459
429 460
429 461
429 462
429 463
429 464
429 465
429 466
429 467
429 468
429 469
429 470
429 471
429 472
429 473
429 474
429 475
429 476
430 273
430 274
430 275
430 276
430 277
430 278
430 279
430 280
430 281
430 282
430 283
430 284
430 285
430 286
430 287
430 444
430 445
430 446
430 447
430 448
430 449
430 450
430 451
430 452
430 453
430 454
430 455
430 456
430 457
430 458
430 459
430 460
430 461
430 462
430 463
430 464
430 465
430 466
430 467
430 468
430 469
430 470
430 471
431 275
431 276
431 277
431 278
431 279
431 280
431 281
431 282
431 283
431 284
431 285
431 286
431 287
431 288
431 289
431 439
431 440
431 441
431 442
431 443
431 444
431 445
431 446
431 447
431 448
431 449
431 450
431 451
431 452
431 453
431 454
431 455
431 456
431 457
431 458
431 459
431 460
431 461
431 462
431 463
431 464
431 465
431 466
431 467
432 277
432 278
432 279
432 280
432 281
432 282
432 283
432 284
432 285
432 286
432 287
432 288
432 289
432 290
432 291
432 435
432 436
432 437
432 438
432 439
432 440
432 441
432 442
432 443
432 444
432 445
432 446
432 447
432 448
432 449
432 450
432 451
432 452
432 453
432 454
432 455
432 456
432 457
432 458
432 459
432 460
432 461
432 462
433 280
433 281
433 282
433 283
433 284
433 285
433 286
433 287
433 288
433 289
433 290
433 291
433 292
433 293
433 294
433 430
433 431
433 432
433 433
433 434
433 435
433 436
433 437
433 438
433 439
433 440
433 441
433 442
433 443
433 444
433 445
433 446
433 447
433 448
433 449
433 450
433 451
433 452
433 453
433 454
433 455
433 456
433 457
433 458
434 282
434 283
434 284
434 285
434 286
434 287
434 288
434 289
434 290
434 291
434 292
434 293
434 294
434 295
434 296
434 423
434 424
434 425
434 426
434 427
434 428
434 429
434 430
434 431
434 432
434 433
434 434
434 435
434 436
434 437
434 438
434 439
434 440
434 441
434 442
434 443
434 444
434 445
434 446
434 447
434 448
434 449
434 450
434 451
434 452
434 453
435 284
435 285
435 286
435 287
435 288
435 289
435 290
435 291
435 292
435 293
435 294
435 295
435 296
435 297
435 298
435 409
435 410
435 411
435 412
435 413
435 414
435 415
435 416
435 417
435 418
435 419
435 420
435 421
435 422
435 423
435 424
435 425
435 426
435 427
435 428
435 429
435 430
435 431
435 432
435 433
435 434
435 435
435 436
435 437
435 438
435 439
435 440
435 441
435 442
435 443
435 444
435 445
435 446
435 447
435 448
435 449
436 287
436 288
436 289
436 290
436 291
436 292
436 293
436 294
436 295
436 296
436 297
436 298
436 299
436 300
436 397
436 398
436 399
436 400
436 401
436 402
436 403
436 404
436 405
436 406
436 407
436 408
436 409
436 410
436 411
436 412
436 413
436 414
436 415
436 416
436 417
436 418
436 419
436 420
436 421
436 422
436 423
436 424
436 425
436 426
436 427
436 428
436 429
436 430
436 431
436 432
436 433
436 434
436 435
436 436
436 437
436 438
436 439
436 440
436 441
436 442
436 443
436 444
437 289
437 290
437 291
437 292
437 293
437 294
437 295
437 296
437 297
437 298
437 299
437 300
437 301
437 302
437 303
437 304
437 305
437 384
437 385
437 386
437 387
437 388
437 389
437 390
437 391
437 392
437 393
437 394
437 395
437 396
437 397
437 398
437 399
437 400
437 401
437 402
437 403
437 404
437 405
437 406
437 407
437 408
437 409
437 410
437 411
437 412
437 413
437 414
437 415
437 416
437 417
437 418
437 419
437 420
437 421
437 422
437 423
437 424
437 425
437 426
437 427
437 428
437 429
437 430
437 431
437 432
437 433
437 434
437 435
437 436
437 437
437 438
437 439
437 440
438 291
438 292
438 293
438 294
438 295
438 296
438 297
438 298
438 299
438 300
438 301
438 302
438 303
438 304
438 305
438 306
438 307
438 308
438 309
438 310
438 311
438 312
438 313
438 314
438 371
438 372
438 373
438 374
438 375
438 376
438 377
438 378
438 379
438 380
438 381
438 382
438 383
438 384
438 385
438 386
438 387
438 388
438 389
438 390
438 391
438 392
438 393
438 394
438 395
438 396
438 397
438 398
438 399
438 400
438 401
438 402
438 403
438 404
438 405
438 406
438 407
438 408
438 409
438 410
438 411
438 412
438 413
438 414
438 415
438 416
438 417
438 418
438 419
438 420
438 421
438 422
438 423
438 424
438 425
438 426
438 427
438 428
438 429
438 430
438 431
438 432
438 433
438 434
438 435
438 436
439 293
439 294
439 295
439 296
439 297
439 298
439 299
439 300
439 301
439 302
439 303
439 304
439 305
439 306
439 307
439 308
439 309
439 310
439 311
439 312
439 313
439 314
439 315
439 316
439 317
439 318
439 319
439 320
439 321
439 322
439 323
439 324
439 325
439 326
439 327
439 328
439 329
439 330
439 331
439 332
439 333
439 334
439 335
439 336
439 337
439 338
439 339
439 340
439 341
439 342
439 343
439 344
439 345
439 346
439 347
439 348
439 349
439 350
439 351
439 352
439 353
439 354
439 355
439 356
439 357
439 358
439 359
439 360
439 361
439 362
439 363
439 364
439 365
439 366
439 367
439 368
439 369
439 370
439 371
439 372
439 373
439 374
439 375
439 376
439 377
439 378
439 379
439 380
439 381
439 382
439 383
439 384
439 385
439 386
439 387
439 388
439 389
439 390
439 391
439 392
439 393
439 394
439 395
439 396
439 397
439 398
439 399
439 400
439 401
439 402
439 403
439 404
439 405
439 406
439 407
439 408
439 409
439 410
439 411
439 412
439 413
439 414
439 415
439 416
439 417
439 418
439 419
439 420
439 421
439 422
439 423
439 424
439 425
439 426
439 427
439 428
439 429
439 430
439 431
440 296
440 297
440 298
440 299
440 300
440 301
440 302
440 303
440 304
440 305
440 306
440 307
440 308
440 309
440 310
440 311
440 312
440 313
440 314
440 315
440 316
440 317
440 318
440 319
440 320
440 321
440 322
440 323
440 324
440 325
440 326
440 327
440 328
440 329
440 330
440 331
440 332
440 333
440 334
440 335
440 336
440 337
440 338
440 339
440 340
440 341
440 342
440 343
440 344
440 345
440 346
440 347
440 348
440 349
440 350
440 351
440 352
440 353
440 354
440 355
440 356
440 357
440 358
440 359
440 360
440 361
440 362
440 363
440 364
440 365
440 366
440 367
440 368
440 369
440 370
440 371
440 372
440 373
440 374
440 375
440 376
440 377
440 378
440 379
440 380
440 381
440 382
440 383
440 384
440 385
440 386
440 387
440 388
440 389
440 390
440 391
440 392
440 393
440 394
440 395
440 396
440 397
440 398
440 399
440 400
440 401
440 402
440 403
440 404
440 405
440 406
440 407
440 408
440 409
440 410
440 411
440 412
440 413
440 414
440 415
440 416
440 417
440 418
440 419
440 420
440 421
441 298
441 299
441 300
441 301
441 302
441 303
441 304
441 305
441 306
441 307
441 308
441 309
441 310
441 311
441 312
441 313
441 314
441 315
441 316
441 317
441 318
441 319
441 320
441 321
441 322
441 323
441 324
441 325
441 326
441 327
441 328
441 329
441 330
441 331
441 332
441 333
441 334
441 335
441 336
441 337
441 338
441 339
441 340
441 341
441 342
441 343
441 344
441 345
441 346
441 347
441 348
441 349
441 350
441 351
441 352
441 353
441 354
441 355
441 356
441 357
441 358
441 359
441 360
441 361
441 362
441 363
441 364
441 365
441 366
441 367
441 368
441 369
441 370
441 371
441 372
441 373
441 374
441 375
441 376
441 377
441 378
441 379
441 380
441 381
441 382
441 383
441 384
441 385
441 386
441 387
441 388
441 389
441 390
441 391
441 392
441 393
441 394
441 395
441 396
441 397
441 398
441 399
441 400
441 401
441 402
441 403
441 404
441 405
441 406
441 407
441 408
441 409
442 300
442 301
442 302
442 303
442 304
442 305
442 306
442 307
442 308
442 309
442 310
442 311
442 312
442 313
442 314
442 315
442 316
442 317
442 318
442 319
442 320
442 321
442 322
442 323
442 324
442 325
442 326
442 327
442 328
442 329
442 330
442 331
442 332
442 333
442 334
442 335
442 336
442 337
442 338
442 339
442 340
442 341
442 342
442 343
442 344
442 345
442 346
442 347
442 348
442 349
442 350
442 351
442 352
442 353
442 354
442 355
442 356
442 357
442 358
442 359
442 360
442 361
442 362
442 363
442 364
442 365
442 366
442 367
442 368
442 369
442 370
442 371
442 372
442 373
442 374
442 375
442 376
442 377
442 378
442 379
442 380
442 381
442 382
442 383
442 384
442 385
442 386
442 387
442 388
442 389
442 390
442 391
442 392
442 393
442 394
442 395
443 307
443 308
443 309
443 310
443 311
443 312
443 313
443 314
443 315
443 316
443 317
443 318
443 319
443 320
443 321
443 322
443 323
443 324
443 325
443 326
443 327
443 328
443 329
443 330
443 331
443 332
443 333
443 334
443 335
443 336
443 337
443 338
443 339
443 340
443 341
443 342
443 343
443 344
443 345
443 346
443 347
443 348
443 349
443 350
443 351
443 352
443 353
443 354
443 355
443 356
443 357
443 358
443 359
443 360
443 361
443 362
443 363
443 364
443 365
443 366
443 367
443 368
443 369
443 370
443 371
443 372
443 373
443 374
443 375
443 376
443 377
443 378
443 379
443 380
443 381
443 382
443 383
444 316
444 317
444 318
444 319
444 320
444 321
444 322
444 323
444 324
444 325
444 326
444 327
444 328
444 329
444 330
444 331
444 332
444 333
444 334
444 335
444 336
444 337
444 338
444 339
444 340
444 341
444 342
444 343
444 344
444 345
444 346
444 347
444 348
444 349
444 350
444 351
444 352
444 353
444 354
444 355
444 356
444 357
444 358
444 359
444 360
444 361
444 362
444 363
444 364
444 365
444 366
444 367
444 368
444 369
