10.49 1.27
10.52 1.27
10.54 1.27
10.57 1.27
10.59 1.27
10.62 1.27
10.64 1.27
10.67 1.27
10.69 1.27
10.34 1.32
10.36 1.32
10.39 1.32
10.41 1.32
10.44 1.32
10.46 1.32
10.49 1.32
10.52 1.32
10.54 1.32
10.57 1.32
10.59 1.32
10.62 1.32
10.64 1.32
10.67 1.32
10.69 1.32
10.72 1.32
10.74 1.32
10.21 1.37
10.24 1.37
10.26 1.37
10.29 1.37
10.31 1.37
10.34 1.37
10.36 1.37
10.39 1.37
10.41 1.37
10.44 1.37
10.46 1.37
10.49 1.37
10.52 1.37
10.54 1.37
10.57 1.37
10.59 1.37
10.62 1.37
10.64 1.37
10.67 1.37
10.69 1.37
10.72 1.37
10.74 1.37
10.77 1.37
10.79 1.37
10.06 1.42
10.08 1.42
10.11 1.42
10.13 1.42
10.16 1.42
10.19 1.42
10.21 1.42
10.24 1.42
10.26 1.42
10.29 1.42
10.31 1.42
10.34 1.42
10.36 1.42
10.39 1.42
10.41 1.42
10.44 1.42
10.46 1.42
10.49 1.42
10.64 1.42
10.67 1.42
10.69 1.42
10.72 1.42
10.74 1.42
10.77 1.42
10.79 1.42
9.91 1.47
9.93 1.47
9.96 1.47
9.98 1.47
10.01 1.47
10.03 1.47
10.06 1.47
10.08 1.47
10.11 1.47
10.13 1.47
10.16 1.47
10.19 1.47
10.21 1.47
10.24 1.47
10.26 1.47
10.29 1.47
10.31 1.47
10.34 1.47
10.67 1.47
10.69 1.47
10.72 1.47
10.74 1.47
10.77 1.47
10.79 1.47
9.75 1.52
9.78 1.52
9.8 1.52
9.83 1.52
9.86 1.52
9.88 1.52
9.91 1.52
9.93 1.52
9.96 1.52
9.98 1.52
10.01 1.52
10.03 1.52
10.06 1.52
10.08 1.52
10.11 1.52
10.13 1.52
10.16 1.52
10.19 1.52
10.21 1.52
10.67 1.52
10.69 1.52
10.72 1.52
10.74 1.52
10.77 1.52
10.79 1.52
10.82 1.52
9.63 1.57
9.65 1.57
9.68 1.57
9.7 1.57
9.73 1.57
9.75 1.57
9.78 1.57
9.8 1.57
9.83 1.57
9.86 1.57
9.88 1.57
9.91 1.57
9.93 1.57
9.96 1.57
9.98 1.57
10.01 1.57
10.03 1.57
10.06 1.57
10.69 1.57
10.72 1.57
10.74 1.57
10.77 1.57
10.79 1.57
10.82 1.57
10.85 1.57
10.87 1.57
9.53 1.63
9.55 1.63
9.58 1.63
9.6 1.63
9.63 1.63
9.65 1.63
9.68 1.63
9.7 1.63
9.73 1.63
9.75 1.63
9.78 1.63
9.8 1.63
9.83 1.63
9.86 1.63
9.88 1.63
9.91 1.63
10.72 1.63
10.74 1.63
10.77 1.63
10.79 1.63
10.82 1.63
10.85 1.63
10.87 1.63
10.9 1.63
9.42 1.68
9.45 1.68
9.47 1.68
9.5 1.68
9.53 1.68
9.55 1.68
9.58 1.68
9.6 1.68
9.63 1.68
9.65 1.68
9.68 1.68
9.7 1.68
9.73 1.68
9.75 1.68
10.77 1.68
10.79 1.68
10.82 1.68
10.85 1.68
10.87 1.68
10.9 1.68
10.92 1.68
10.95 1.68
9.32 1.73
9.35 1.73
9.37 1.73
9.4 1.73
9.42 1.73
9.45 1.73
9.47 1.73
9.5 1.73
9.53 1.73
9.55 1.73
9.58 1.73
9.6 1.73
9.63 1.73
9.65 1.73
10.82 1.73
10.85 1.73
10.87 1.73
10.9 1.73
10.92 1.73
10.95 1.73
10.97 1.73
11.0 1.73
9.22 1.78
9.25 1.78
9.27 1.78
9.3 1.78
9.32 1.78
9.35 1.78
9.37 1.78
9.4 1.78
9.42 1.78
9.45 1.78
9.47 1.78
9.5 1.78
9.53 1.78
9.55 1.78
10.85 1.78
10.87 1.78
10.9 1.78
10.92 1.78
10.95 1.78
10.97 1.78
11.0 1.78
11.02 1.78
9.12 1.83
9.14 1.83
9.17 1.83
9.19 1.83
9.22 1.83
9.25 1.83
9.27 1.83
9.3 1.83
9.32 1.83
9.35 1.83
9.37 1.83
9.4 1.83
9.42 1.83
9.45 1.83
10.9 1.83
10.92 1.83
10.95 1.83
10.97 1.83
11.0 1.83
11.02 1.83
11.05 1.83
9.04 1.88
9.07 1.88
9.09 1.88
9.12 1.88
9.14 1.88
9.17 1.88
9.19 1.88
9.22 1.88
9.25 1.88
9.27 1.88
9.3 1.88
9.32 1.88
9.35 1.88
10.92 1.88
10.95 1.88
10.97 1.88
11.0 1.88
11.02 1.88
11.05 1.88
11.07 1.88
8.94 1.93
8.97 1.93
8.99 1.93
9.02 1.93
9.04 1.93
9.07 1.93
9.09 1.93
9.12 1.93
9.14 1.93
9.17 1.93
9.19 1.93
9.22 1.93
9.25 1.93
10.95 1.93
10.97 1.93
11.0 1.93
11.02 1.93
11.05 1.93
11.07 1.93
11.1 1.93
8.84 1.98
8.86 1.98
8.89 1.98
8.92 1.98
8.94 1.98
8.97 1.98
8.99 1.98
9.02 1.98
9.04 1.98
9.07 1.98
9.09 1.98
9.12 1.98
9.14 1.98
9.17 1.98
10.97 1.98
11.0 1.98
11.02 1.98
11.05 1.98
11.07 1.98
11.1 1.98
11.13 1.98
8.74 2.03
8.76 2.03
8.79 2.03
8.81 2.03
8.84 2.03
8.86 2.03
8.89 2.03
8.92 2.03
8.94 2.03
8.97 2.03
8.99 2.03
9.02 2.03
9.04 2.03
9.07 2.03
11.0 2.03
11.02 2.03
11.05 2.03
11.07 2.03
11.1 2.03
11.13 2.03
11.15 2.03
8.64 2.08
8.66 2.08
8.69 2.08
8.71 2.08
8.74 2.08
8.76 2.08
8.79 2.08
8.81 2.08
8.84 2.08
8.86 2.08
8.89 2.08
8.92 2.08
8.94 2.08
8.97 2.08
11.02 2.08
11.05 2.08
11.07 2.08
11.1 2.08
11.13 2.08
11.15 2.08
11.18 2.08
8.56 2.13
8.59 2.13
8.61 2.13
8.64 2.13
8.66 2.13
8.69 2.13
8.71 2.13
8.74 2.13
8.76 2.13
8.79 2.13
8.81 2.13
8.84 2.13
8.86 2.13
11.05 2.13
11.07 2.13
11.1 2.13
11.13 2.13
11.15 2.13
11.18 2.13
8.48 2.18
8.51 2.18
8.53 2.18
8.56 2.18
8.59 2.18
8.61 2.18
8.64 2.18
8.66 2.18
8.69 2.18
8.71 2.18
8.74 2.18
8.76 2.18
11.05 2.18
11.07 2.18
11.1 2.18
11.13 2.18
11.15 2.18
11.18 2.18
11.2 2.18
8.41 2.24
8.43 2.24
8.46 2.24
8.48 2.24
8.51 2.24
8.53 2.24
8.56 2.24
8.59 2.24
8.61 2.24
8.64 2.24
8.66 2.24
11.07 2.24
11.1 2.24
11.13 2.24
11.15 2.24
11.18 2.24
11.2 2.24
8.36 2.29
8.38 2.29
8.41 2.29
8.43 2.29
8.46 2.29
8.48 2.29
8.51 2.29
8.53 2.29
8.56 2.29
8.59 2.29
11.07 2.29
11.1 2.29
11.13 2.29
11.15 2.29
11.18 2.29
11.2 2.29
8.28 2.34
8.31 2.34
8.33 2.34
8.36 2.34
8.38 2.34
8.41 2.34
8.43 2.34
8.46 2.34
8.48 2.34
8.51 2.34
8.53 2.34
11.07 2.34
11.1 2.34
11.13 2.34
11.15 2.34
11.18 2.34
11.2 2.34
11.23 2.34
8.23 2.39
8.26 2.39
8.28 2.39
8.31 2.39
8.33 2.39
8.36 2.39
8.38 2.39
8.41 2.39
8.43 2.39
8.46 2.39
11.1 2.39
11.13 2.39
11.15 2.39
11.18 2.39
11.2 2.39
11.23 2.39
11.25 2.39
11.28 2.39
8.15 2.44
8.18 2.44
8.2 2.44
8.23 2.44
8.26 2.44
8.28 2.44
8.31 2.44
8.33 2.44
8.36 2.44
8.38 2.44
11.1 2.44
11.13 2.44
11.15 2.44
11.18 2.44
11.2 2.44
11.23 2.44
11.25 2.44
11.28 2.44
11.3 2.44
11.33 2.44
8.08 2.49
8.1 2.49
8.13 2.49
8.15 2.49
8.18 2.49
8.2 2.49
8.23 2.49
8.26 2.49
8.28 2.49
8.31 2.49
8.33 2.49
11.15 2.49
11.18 2.49
11.2 2.49
11.23 2.49
11.25 2.49
11.28 2.49
11.3 2.49
11.33 2.49
11.35 2.49
11.38 2.49
11.4 2.49
8.03 2.54
8.05 2.54
8.08 2.54
8.1 2.54
8.13 2.54
8.15 2.54
8.18 2.54
8.2 2.54
8.23 2.54
8.26 2.54
11.23 2.54
11.25 2.54
11.28 2.54
11.3 2.54
11.33 2.54
11.35 2.54
11.38 2.54
11.4 2.54
11.43 2.54
11.46 2.54
7.95 2.59
7.98 2.59
8.0 2.59
8.03 2.59
8.05 2.59
8.08 2.59
8.1 2.59
8.13 2.59
8.15 2.59
8.18 2.59
8.2 2.59
11.3 2.59
11.33 2.59
11.35 2.59
11.38 2.59
11.4 2.59
11.43 2.59
11.46 2.59
11.48 2.59
11.51 2.59
11.53 2.59
7.87 2.64
7.9 2.64
7.92 2.64
7.95 2.64
7.98 2.64
8.0 2.64
8.03 2.64
8.05 2.64
8.08 2.64
8.1 2.64
8.13 2.64
11.35 2.64
11.38 2.64
11.4 2.64
11.43 2.64
11.46 2.64
11.48 2.64
11.51 2.64
11.53 2.64
11.56 2.64
11.58 2.64
11.61 2.64
7.82 2.69
7.85 2.69
7.87 2.69
7.9 2.69
7.92 2.69
7.95 2.69
7.98 2.69
8.0 2.69
8.03 2.69
8.05 2.69
11.43 2.69
11.46 2.69
11.48 2.69
11.51 2.69
11.53 2.69
11.56 2.69
11.58 2.69
11.61 2.69
11.63 2.69
11.66 2.69
11.68 2.69
11.71 2.69
7.75 2.74
7.77 2.74
7.8 2.74
7.82 2.74
7.85 2.74
7.87 2.74
7.9 2.74
7.92 2.74
7.95 2.74
7.98 2.74
8.0 2.74
11.51 2.74
11.53 2.74
11.56 2.74
11.58 2.74
11.61 2.74
11.63 2.74
11.66 2.74
11.68 2.74
11.71 2.74
11.73 2.74
11.76 2.74
11.79 2.74
7.7 2.79
7.72 2.79
7.75 2.79
7.77 2.79
7.8 2.79
7.82 2.79
7.85 2.79
7.87 2.79
7.9 2.79
7.92 2.79
11.58 2.79
11.61 2.79
11.63 2.79
11.66 2.79
11.68 2.79
11.71 2.79
11.73 2.79
11.76 2.79
11.79 2.79
11.81 2.79
11.84 2.79
11.86 2.79
11.89 2.79
7.62 2.84
7.65 2.84
7.67 2.84
7.7 2.84
7.72 2.84
7.75 2.84
7.77 2.84
7.8 2.84
7.82 2.84
7.85 2.84
11.66 2.84
11.68 2.84
11.71 2.84
11.73 2.84
11.76 2.84
11.79 2.84
11.81 2.84
11.84 2.84
11.86 2.84
11.89 2.84
11.91 2.84
11.94 2.84
11.96 2.84
11.99 2.84
12.01 2.84
12.04 2.84
7.54 2.9
7.57 2.9
7.59 2.9
7.62 2.9
7.65 2.9
7.67 2.9
7.7 2.9
7.72 2.9
7.75 2.9
7.77 2.9
7.8 2.9
11.76 2.9
11.79 2.9
11.81 2.9
11.84 2.9
11.86 2.9
11.89 2.9
11.91 2.9
11.94 2.9
11.96 2.9
11.99 2.9
12.01 2.9
12.04 2.9
12.06 2.9
12.09 2.9
12.12 2.9
12.14 2.9
12.17 2.9
12.19 2.9
12.22 2.9
12.24 2.9
12.27 2.9
12.29 2.9
12.32 2.9
12.34 2.9
12.37 2.9
12.4 2.9
12.42 2.9
7.47 2.95
7.49 2.95
7.52 2.95
7.54 2.95
7.57 2.95
7.59 2.95
7.62 2.95
7.65 2.95
7.67 2.95
7.7 2.95
7.72 2.95
11.84 2.95
11.86 2.95
11.89 2.95
11.91 2.95
11.94 2.95
11.96 2.95
11.99 2.95
12.01 2.95
12.04 2.95
12.06 2.95
12.09 2.95
12.12 2.95
12.14 2.95
12.17 2.95
12.19 2.95
12.22 2.95
12.24 2.95
12.27 2.95
12.29 2.95
12.32 2.95
12.34 2.95
12.37 2.95
12.4 2.95
12.42 2.95
12.45 2.95
12.47 2.95
12.5 2.95
12.52 2.95
12.55 2.95
12.57 2.95
12.6 2.95
12.62 2.95
12.65 2.95
12.67 2.95
12.7 2.95
12.73 2.95
12.75 2.95
12.78 2.95
12.8 2.95
12.83 2.95
12.85 2.95
12.88 2.95
12.9 2.95
12.93 2.95
12.95 2.95
12.98 2.95
13.0 2.95
13.03 2.95
13.06 2.95
13.08 2.95
16.21 2.95
16.23 2.95
16.26 2.95
16.28 2.95
16.31 2.95
16.33 2.95
16.36 2.95
16.38 2.95
16.41 2.95
16.43 2.95
16.46 2.95
16.48 2.95
7.37 3.0
7.39 3.0
7.42 3.0
7.44 3.0
7.47 3.0
7.49 3.0
7.52 3.0
7.54 3.0
7.57 3.0
7.59 3.0
7.62 3.0
7.65 3.0
7.67 3.0
12.01 3.0
12.04 3.0
12.06 3.0
12.09 3.0
12.12 3.0
12.14 3.0
12.17 3.0
12.19 3.0
12.22 3.0
12.24 3.0
12.27 3.0
12.29 3.0
12.32 3.0
12.34 3.0
12.37 3.0
12.4 3.0
12.42 3.0
12.45 3.0
12.47 3.0
12.5 3.0
12.52 3.0
12.55 3.0
12.57 3.0
12.6 3.0
12.62 3.0
12.65 3.0
12.67 3.0
12.7 3.0
12.73 3.0
12.75 3.0
12.78 3.0
12.8 3.0
12.83 3.0
12.85 3.0
12.88 3.0
12.9 3.0
12.93 3.0
12.95 3.0
12.98 3.0
13.0 3.0
13.03 3.0
13.06 3.0
13.08 3.0
13.11 3.0
13.13 3.0
13.16 3.0
13.18 3.0
13.21 3.0
13.23 3.0
13.26 3.0
13.28 3.0
13.31 3.0
13.34 3.0
13.36 3.0
13.39 3.0
14.66 3.0
14.68 3.0
14.71 3.0
14.73 3.0
14.76 3.0
14.78 3.0
14.81 3.0
14.83 3.0
14.86 3.0
14.88 3.0
14.91 3.0
14.94 3.0
14.96 3.0
14.99 3.0
15.01 3.0
15.04 3.0
15.06 3.0
15.09 3.0
15.11 3.0
15.14 3.0
15.16 3.0
15.19 3.0
15.21 3.0
15.24 3.0
15.27 3.0
15.29 3.0
15.32 3.0
15.34 3.0
15.37 3.0
15.39 3.0
15.42 3.0
15.44 3.0
15.47 3.0
15.49 3.0
15.52 3.0
15.54 3.0
15.57 3.0
15.6 3.0
15.62 3.0
15.65 3.0
15.67 3.0
15.7 3.0
15.72 3.0
15.75 3.0
15.77 3.0
15.8 3.0
15.82 3.0
15.85 3.0
15.88 3.0
15.9 3.0
15.93 3.0
15.95 3.0
15.98 3.0
16.0 3.0
16.03 3.0
16.05 3.0
16.08 3.0
16.1 3.0
16.13 3.0
16.15 3.0
16.18 3.0
16.21 3.0
16.23 3.0
16.26 3.0
16.28 3.0
16.31 3.0
16.33 3.0
16.36 3.0
16.38 3.0
16.41 3.0
16.43 3.0
16.46 3.0
16.48 3.0
16.51 3.0
7.26 3.05
7.29 3.05
7.32 3.05
7.34 3.05
7.37 3.05
7.39 3.05
7.42 3.05
7.44 3.05
7.47 3.05
7.49 3.05
7.52 3.05
7.54 3.05
7.57 3.05
7.59 3.05
12.42 3.05
12.45 3.05
12.47 3.05
12.5 3.05
12.52 3.05
12.55 3.05
12.57 3.05
12.6 3.05
12.62 3.05
12.65 3.05
12.67 3.05
12.7 3.05
12.73 3.05
12.75 3.05
12.78 3.05
12.8 3.05
12.83 3.05
12.85 3.05
12.88 3.05
12.9 3.05
12.93 3.05
12.95 3.05
12.98 3.05
13.0 3.05
13.03 3.05
13.06 3.05
13.08 3.05
13.11 3.05
13.13 3.05
13.16 3.05
13.18 3.05
13.21 3.05
13.23 3.05
13.26 3.05
13.28 3.05
13.31 3.05
13.34 3.05
13.36 3.05
13.39 3.05
13.41 3.05
13.44 3.05
13.46 3.05
13.49 3.05
13.51 3.05
13.54 3.05
13.56 3.05
13.59 3.05
13.61 3.05
13.64 3.05
13.67 3.05
13.69 3.05
13.72 3.05
13.74 3.05
13.77 3.05
13.79 3.05
13.82 3.05
13.84 3.05
13.87 3.05
13.89 3.05
13.92 3.05
13.94 3.05
13.97 3.05
14.0 3.05
14.02 3.05
14.05 3.05
14.07 3.05
14.1 3.05
14.12 3.05
14.15 3.05
14.17 3.05
14.2 3.05
14.22 3.05
14.25 3.05
14.27 3.05
14.3 3.05
14.33 3.05
14.35 3.05
14.38 3.05
14.4 3.05
14.43 3.05
14.45 3.05
14.48 3.05
14.5 3.05
14.53 3.05
14.55 3.05
14.58 3.05
14.61 3.05
14.63 3.05
14.66 3.05
14.68 3.05
14.71 3.05
14.73 3.05
14.76 3.05
14.78 3.05
14.81 3.05
14.83 3.05
14.86 3.05
14.88 3.05
14.91 3.05
14.94 3.05
14.96 3.05
14.99 3.05
15.01 3.05
15.04 3.05
15.06 3.05
15.09 3.05
15.11 3.05
15.14 3.05
15.16 3.05
15.19 3.05
15.21 3.05
15.24 3.05
15.27 3.05
15.29 3.05
15.32 3.05
15.34 3.05
15.37 3.05
15.39 3.05
15.42 3.05
15.44 3.05
15.47 3.05
15.49 3.05
15.52 3.05
15.54 3.05
15.57 3.05
15.6 3.05
15.62 3.05
15.65 3.05
15.67 3.05
15.7 3.05
15.72 3.05
15.75 3.05
15.77 3.05
15.8 3.05
15.82 3.05
15.85 3.05
15.88 3.05
15.9 3.05
15.93 3.05
15.95 3.05
15.98 3.05
16.0 3.05
16.03 3.05
16.05 3.05
16.08 3.05
16.1 3.05
16.13 3.05
16.15 3.05
16.18 3.05
16.21 3.05
16.23 3.05
16.26 3.05
16.28 3.05
16.31 3.05
16.33 3.05
16.36 3.05
16.38 3.05
16.41 3.05
16.43 3.05
16.46 3.05
16.48 3.05
16.51 3.05
7.19 3.1
7.21 3.1
7.24 3.1
7.26 3.1
7.29 3.1
7.32 3.1
7.34 3.1
7.37 3.1
7.39 3.1
7.42 3.1
7.44 3.1
7.47 3.1
7.49 3.1
13.06 3.1
13.08 3.1
13.11 3.1
13.13 3.1
13.16 3.1
13.18 3.1
13.21 3.1
13.23 3.1
13.26 3.1
13.28 3.1
13.31 3.1
13.34 3.1
13.36 3.1
13.39 3.1
13.41 3.1
13.44 3.1
13.46 3.1
13.49 3.1
13.51 3.1
13.54 3.1
13.56 3.1
13.59 3.1
13.61 3.1
13.64 3.1
13.67 3.1
13.69 3.1
13.72 3.1
13.74 3.1
13.77 3.1
13.79 3.1
13.82 3.1
13.84 3.1
13.87 3.1
13.89 3.1
13.92 3.1
13.94 3.1
13.97 3.1
14.0 3.1
14.02 3.1
14.05 3.1
14.07 3.1
14.1 3.1
14.12 3.1
14.15 3.1
14.17 3.1
14.2 3.1
14.22 3.1
14.25 3.1
14.27 3.1
14.3 3.1
14.33 3.1
14.35 3.1
14.38 3.1
14.4 3.1
14.43 3.1
14.45 3.1
14.48 3.1
14.5 3.1
14.53 3.1
14.55 3.1
14.58 3.1
14.61 3.1
14.63 3.1
14.66 3.1
14.68 3.1
14.71 3.1
14.73 3.1
14.76 3.1
14.78 3.1
14.81 3.1
14.83 3.1
14.86 3.1
14.88 3.1
14.91 3.1
14.94 3.1
14.96 3.1
14.99 3.1
15.01 3.1
15.04 3.1
15.06 3.1
15.09 3.1
15.11 3.1
15.14 3.1
15.16 3.1
15.19 3.1
15.21 3.1
15.24 3.1
15.27 3.1
15.29 3.1
15.32 3.1
15.34 3.1
15.37 3.1
15.39 3.1
15.42 3.1
15.44 3.1
15.47 3.1
15.49 3.1
15.52 3.1
15.54 3.1
15.57 3.1
15.6 3.1
15.62 3.1
15.65 3.1
15.67 3.1
15.7 3.1
15.72 3.1
15.75 3.1
15.77 3.1
15.8 3.1
15.82 3.1
15.85 3.1
15.88 3.1
15.9 3.1
15.93 3.1
15.95 3.1
15.98 3.1
16.0 3.1
16.03 3.1
16.05 3.1
16.08 3.1
16.1 3.1
16.13 3.1
16.15 3.1
16.18 3.1
16.21 3.1
7.09 3.15
7.11 3.15
7.14 3.15
7.16 3.15
7.19 3.15
7.21 3.15
7.24 3.15
7.26 3.15
7.29 3.15
7.32 3.15
7.34 3.15
7.37 3.15
7.39 3.15
13.36 3.15
13.39 3.15
13.41 3.15
13.44 3.15
13.46 3.15
13.49 3.15
13.51 3.15
13.54 3.15
13.56 3.15
13.59 3.15
13.61 3.15
13.64 3.15
13.67 3.15
13.69 3.15
13.72 3.15
13.74 3.15
13.77 3.15
13.79 3.15
13.82 3.15
13.84 3.15
13.87 3.15
13.89 3.15
13.92 3.15
13.94 3.15
13.97 3.15
14.0 3.15
14.02 3.15
14.05 3.15
14.07 3.15
14.1 3.15
14.12 3.15
14.15 3.15
14.17 3.15
14.2 3.15
14.22 3.15
14.25 3.15
14.27 3.15
14.3 3.15
14.33 3.15
14.35 3.15
14.38 3.15
14.4 3.15
14.43 3.15
14.45 3.15
14.48 3.15
14.5 3.15
14.53 3.15
14.55 3.15
14.58 3.15
14.61 3.15
14.63 3.15
7.01 3.2
7.04 3.2
7.06 3.2
7.09 3.2
7.11 3.2
7.14 3.2
7.16 3.2
7.19 3.2
7.21 3.2
7.24 3.2
7.26 3.2
7.29 3.2
7.32 3.2
6.93 3.25
6.96 3.25
6.99 3.25
7.01 3.25
7.04 3.25
7.06 3.25
7.09 3.25
7.11 3.25
7.14 3.25
7.16 3.25
7.19 3.25
7.21 3.25
6.86 3.3
6.88 3.3
6.91 3.3
6.93 3.3
6.96 3.3
6.99 3.3
7.01 3.3
7.04 3.3
7.06 3.3
7.09 3.3
7.11 3.3
6.78 3.35
6.81 3.35
6.83 3.35
6.86 3.35
6.88 3.35
6.91 3.35
6.93 3.35
6.96 3.35
6.99 3.35
7.01 3.35
7.04 3.35
6.71 3.4
6.73 3.4
6.76 3.4
6.78 3.4
6.81 3.4
6.83 3.4
6.86 3.4
6.88 3.4
6.91 3.4
6.93 3.4
6.96 3.4
6.63 3.45
6.65 3.45
6.68 3.45
6.71 3.45
6.73 3.45
6.76 3.45
6.78 3.45
6.81 3.45
6.83 3.45
6.86 3.45
6.88 3.45
6.55 3.51
6.58 3.51
6.6 3.51
6.63 3.51
6.65 3.51
6.68 3.51
6.71 3.51
6.73 3.51
6.76 3.51
6.78 3.51
6.81 3.51
6.48 3.56
6.5 3.56
6.53 3.56
6.55 3.56
6.58 3.56
6.6 3.56
6.63 3.56
6.65 3.56
6.68 3.56
6.71 3.56
6.73 3.56
6.4 3.61
6.43 3.61
6.45 3.61
6.48 3.61
6.5 3.61
6.53 3.61
6.55 3.61
6.58 3.61
6.6 3.61
6.63 3.61
6.65 3.61
6.25 3.66
6.27 3.66
6.3 3.66
6.32 3.66
6.35 3.66
6.38 3.66
6.4 3.66
6.43 3.66
6.45 3.66
6.48 3.66
6.5 3.66
6.53 3.66
6.55 3.66
6.58 3.66
6.1 3.71
6.12 3.71
6.15 3.71
6.17 3.71
6.2 3.71
6.22 3.71
6.25 3.71
6.27 3.71
6.3 3.71
6.32 3.71
6.35 3.71
6.38 3.71
6.4 3.71
6.43 3.71
6.45 3.71
6.48 3.71
6.5 3.71
6.02 3.76
6.05 3.76
6.07 3.76
6.1 3.76
6.12 3.76
6.15 3.76
6.17 3.76
6.2 3.76
6.22 3.76
6.25 3.76
6.27 3.76
6.3 3.76
6.32 3.76
6.35 3.76
6.38 3.76
6.4 3.76
6.43 3.76
5.97 3.81
5.99 3.81
6.02 3.81
6.05 3.81
6.07 3.81
6.1 3.81
6.12 3.81
6.15 3.81
6.17 3.81
6.2 3.81
6.22 3.81
6.25 3.81
6.27 3.81
5.97 3.86
5.99 3.86
6.02 3.86
6.05 3.86
6.07 3.86
6.1 3.86
6.12 3.86
6.15 3.86
5.94 3.91
5.97 3.91
5.99 3.91
6.02 3.91
6.05 3.91
6.07 3.91
6.1 3.91
6.12 3.91
6.15 3.91
5.94 3.96
5.97 3.96
5.99 3.96
6.02 3.96
6.05 3.96
6.07 3.96
6.1 3.96
6.12 3.96
6.15 3.96
6.17 3.96
6.2 3.96
6.22 3.96
6.25 3.96
6.27 3.96
6.3 3.96
6.32 3.96
6.35 3.96
6.02 4.01
6.05 4.01
6.07 4.01
6.1 4.01
6.12 4.01
6.15 4.01
6.17 4.01
6.2 4.01
6.22 4.01
6.25 4.01
6.27 4.01
6.3 4.01
6.32 4.01
6.35 4.01
6.38 4.01
6.4 4.01
6.43 4.01
6.45 4.01
6.48 4.01
6.12 4.06
6.15 4.06
6.17 4.06
6.2 4.06
6.22 4.06
6.25 4.06
6.27 4.06
6.3 4.06
6.32 4.06
6.35 4.06
6.38 4.06
6.4 4.06
6.43 4.06
6.45 4.06
6.48 4.06
6.5 4.06
6.53 4.06
6.55 4.06
6.58 4.06
6.6 4.06
6.63 4.06
6.65 4.06
6.32 4.11
6.35 4.11
6.38 4.11
6.4 4.11
6.43 4.11
6.45 4.11
6.48 4.11
6.5 4.11
6.53 4.11
6.55 4.11
6.58 4.11
6.6 4.11
6.63 4.11
6.65 4.11
6.68 4.11
6.71 4.11
6.73 4.11
6.76 4.11
6.78 4.11
6.48 4.17
6.5 4.17
6.53 4.17
6.55 4.17
6.58 4.17
6.6 4.17
6.63 4.17
6.65 4.17
6.68 4.17
6.71 4.17
6.73 4.17
6.76 4.17
6.78 4.17
6.81 4.17
6.63 4.22
6.65 4.22
6.68 4.22
6.71 4.22
6.73 4.22
6.76 4.22
6.78 4.22
6.81 4.22
7.01 4.22
7.04 4.22
7.06 4.22
7.09 4.22
7.11 4.22
7.14 4.22
7.16 4.22
7.19 4.22
7.21 4.22
7.24 4.22
7.26 4.22
7.29 4.22
7.32 4.22
7.34 4.22
7.37 4.22
7.39 4.22
7.42 4.22
7.44 4.22
7.47 4.22
7.49 4.22
7.52 4.22
7.54 4.22
7.57 4.22
7.59 4.22
7.62 4.22
7.65 4.22
7.67 4.22
7.7 4.22
7.72 4.22
7.75 4.22
7.77 4.22
7.8 4.22
7.82 4.22
7.85 4.22
7.87 4.22
7.9 4.22
7.92 4.22
7.95 4.22
7.98 4.22
8.0 4.22
8.03 4.22
8.05 4.22
8.08 4.22
8.1 4.22
8.13 4.22
8.15 4.22
8.18 4.22
8.2 4.22
8.23 4.22
6.68 4.27
6.71 4.27
6.73 4.27
6.76 4.27
6.78 4.27
6.81 4.27
6.83 4.27
6.86 4.27
6.88 4.27
6.91 4.27
6.93 4.27
6.96 4.27
6.99 4.27
7.01 4.27
7.04 4.27
7.06 4.27
7.09 4.27
7.11 4.27
7.14 4.27
7.16 4.27
7.19 4.27
7.21 4.27
7.24 4.27
7.26 4.27
7.29 4.27
7.32 4.27
7.34 4.27
7.37 4.27
7.39 4.27
7.42 4.27
7.44 4.27
7.47 4.27
7.49 4.27
7.52 4.27
7.54 4.27
7.57 4.27
7.59 4.27
7.62 4.27
7.65 4.27
7.67 4.27
7.7 4.27
7.72 4.27
7.75 4.27
7.77 4.27
7.8 4.27
7.82 4.27
7.85 4.27
7.87 4.27
7.9 4.27
7.92 4.27
7.95 4.27
7.98 4.27
8.0 4.27
8.03 4.27
8.05 4.27
8.08 4.27
8.1 4.27
8.13 4.27
8.15 4.27
8.18 4.27
8.2 4.27
8.23 4.27
8.26 4.27
8.28 4.27
8.31 4.27
6.68 4.32
6.71 4.32
6.73 4.32
6.76 4.32
6.78 4.32
6.81 4.32
6.83 4.32
6.86 4.32
6.88 4.32
6.91 4.32
6.93 4.32
6.96 4.32
6.99 4.32
7.01 4.32
7.04 4.32
7.06 4.32
7.09 4.32
7.11 4.32
7.14 4.32
7.16 4.32
7.19 4.32
7.21 4.32
7.24 4.32
7.26 4.32
7.29 4.32
7.32 4.32
7.34 4.32
7.37 4.32
7.39 4.32
7.42 4.32
7.44 4.32
7.47 4.32
7.49 4.32
7.52 4.32
7.54 4.32
7.57 4.32
7.59 4.32
7.62 4.32
7.65 4.32
7.67 4.32
7.7 4.32
7.72 4.32
7.75 4.32
7.77 4.32
7.8 4.32
7.82 4.32
7.85 4.32
7.87 4.32
7.9 4.32
7.92 4.32
7.95 4.32
7.98 4.32
8.0 4.32
8.03 4.32
8.05 4.32
8.08 4.32
8.1 4.32
8.13 4.32
8.15 4.32
8.18 4.32
8.2 4.32
8.23 4.32
8.26 4.32
8.28 4.32
8.31 4.32
8.33 4.32
8.36 4.32
8.38 4.32
8.41 4.32
6.68 4.37
6.71 4.37
6.73 4.37
6.76 4.37
6.78 4.37
6.81 4.37
6.83 4.37
6.86 4.37
6.88 4.37
6.91 4.37
6.93 4.37
6.96 4.37
6.99 4.37
7.01 4.37
8.18 4.37
8.2 4.37
8.23 4.37
8.26 4.37
8.28 4.37
8.31 4.37
8.33 4.37
8.36 4.37
8.38 4.37
8.41 4.37
8.43 4.37
8.46 4.37
8.48 4.37
8.28 4.42
8.31 4.42
8.33 4.42
8.36 4.42
8.38 4.42
8.41 4.42
8.43 4.42
8.46 4.42
8.48 4.42
8.51 4.42
8.53 4.42
8.56 4.42
8.59 4.42
8.61 4.42
8.64 4.42
8.66 4.42
8.69 4.42
8.71 4.42
3.78 4.47
3.81 4.47
3.84 4.47
3.86 4.47
3.89 4.47
3.91 4.47
3.94 4.47
3.96 4.47
8.36 4.47
8.38 4.47
8.41 4.47
8.43 4.47
8.46 4.47
8.48 4.47
8.51 4.47
8.53 4.47
8.56 4.47
8.59 4.47
8.61 4.47
8.64 4.47
8.66 4.47
8.69 4.47
8.71 4.47
8.74 4.47
8.76 4.47
3.78 4.52
3.81 4.52
3.84 4.52
3.86 4.52
3.89 4.52
3.91 4.52
3.94 4.52
3.96 4.52
3.99 4.52
4.01 4.52
4.04 4.52
4.06 4.52
8.46 4.52
8.48 4.52
8.51 4.52
8.53 4.52
8.56 4.52
8.59 4.52
8.61 4.52
8.64 4.52
8.66 4.52
8.69 4.52
8.71 4.52
8.74 4.52
8.76 4.52
8.79 4.52
8.81 4.52
3.81 4.57
3.84 4.57
3.86 4.57
3.89 4.57
3.91 4.57
3.94 4.57
3.96 4.57
3.99 4.57
4.01 4.57
4.04 4.57
4.06 4.57
4.09 4.57
4.11 4.57
4.14 4.57
4.17 4.57
4.19 4.57
8.66 4.57
8.69 4.57
8.71 4.57
8.74 4.57
8.76 4.57
8.79 4.57
8.81 4.57
8.84 4.57
8.86 4.57
8.89 4.57
3.94 4.62
3.96 4.62
3.99 4.62
4.01 4.62
4.04 4.62
4.06 4.62
4.09 4.62
4.11 4.62
4.14 4.62
4.17 4.62
4.19 4.62
4.22 4.62
4.24 4.62
4.27 4.62
4.29 4.62
8.74 4.62
8.76 4.62
8.79 4.62
8.81 4.62
8.84 4.62
8.86 4.62
8.89 4.62
8.92 4.62
8.94 4.62
8.97 4.62
4.04 4.67
4.06 4.67
4.09 4.67
4.11 4.67
4.14 4.67
4.17 4.67
4.19 4.67
4.22 4.67
4.24 4.67
4.27 4.67
4.29 4.67
4.32 4.67
4.34 4.67
4.37 4.67
4.39 4.67
4.42 4.67
8.79 4.67
8.81 4.67
8.84 4.67
8.86 4.67
8.89 4.67
8.92 4.67
8.94 4.67
8.97 4.67
8.99 4.67
9.02 4.67
9.04 4.67
4.17 4.72
4.19 4.72
4.22 4.72
4.24 4.72
4.27 4.72
4.29 4.72
4.32 4.72
4.34 4.72
4.37 4.72
4.39 4.72
4.42 4.72
4.45 4.72
4.47 4.72
4.5 4.72
4.52 4.72
4.55 4.72
8.84 4.72
8.86 4.72
8.89 4.72
8.92 4.72
8.94 4.72
8.97 4.72
8.99 4.72
9.02 4.72
9.04 4.72
9.07 4.72
4.27 4.78
4.29 4.78
4.32 4.78
4.34 4.78
4.37 4.78
4.39 4.78
4.42 4.78
4.45 4.78
4.47 4.78
4.5 4.78
4.52 4.78
4.55 4.78
4.57 4.78
4.6 4.78
4.62 4.78
4.65 4.78
4.67 4.78
8.92 4.78
8.94 4.78
8.97 4.78
8.99 4.78
9.02 4.78
9.04 4.78
9.07 4.78
4.39 4.83
4.42 4.83
4.45 4.83
4.47 4.83
4.5 4.83
4.52 4.83
4.55 4.83
4.57 4.83
4.6 4.83
4.62 4.83
4.65 4.83
4.67 4.83
4.7 4.83
4.72 4.83
4.75 4.83
4.78 4.83
4.8 4.83
8.94 4.83
8.97 4.83
8.99 4.83
9.02 4.83
9.04 4.83
9.07 4.83
4.55 4.88
4.57 4.88
4.6 4.88
4.62 4.88
4.65 4.88
4.67 4.88
4.7 4.88
4.72 4.88
4.75 4.88
4.78 4.88
4.8 4.88
4.83 4.88
4.85 4.88
4.88 4.88
4.9 4.88
4.93 4.88
8.94 4.88
8.97 4.88
8.99 4.88
9.02 4.88
9.04 4.88
9.07 4.88
4.67 4.93
4.7 4.93
4.72 4.93
4.75 4.93
4.78 4.93
4.8 4.93
4.83 4.93
4.85 4.93
4.88 4.93
4.9 4.93
4.93 4.93
4.95 4.93
4.98 4.93
5.0 4.93
5.03 4.93
5.05 4.93
5.08 4.93
8.94 4.93
8.97 4.93
8.99 4.93
9.02 4.93
9.04 4.93
9.07 4.93
4.8 4.98
4.83 4.98
4.85 4.98
4.88 4.98
4.9 4.98
4.93 4.98
4.95 4.98
4.98 4.98
5.0 4.98
5.03 4.98
5.05 4.98
5.08 4.98
5.11 4.98
5.13 4.98
5.16 4.98
5.18 4.98
5.21 4.98
8.94 4.98
8.97 4.98
8.99 4.98
9.02 4.98
9.04 4.98
9.07 4.98
4.93 5.03
4.95 5.03
4.98 5.03
5.0 5.03
5.03 5.03
5.05 5.03
5.08 5.03
5.11 5.03
5.13 5.03
5.16 5.03
5.18 5.03
5.21 5.03
5.23 5.03
5.26 5.03
5.28 5.03
5.31 5.03
8.94 5.03
8.97 5.03
8.99 5.03
9.02 5.03
9.04 5.03
9.07 5.03
5.05 5.08
5.08 5.08
5.11 5.08
5.13 5.08
5.16 5.08
5.18 5.08
5.21 5.08
5.23 5.08
5.26 5.08
5.28 5.08
5.31 5.08
5.33 5.08
5.36 5.08
5.38 5.08
5.41 5.08
8.94 5.08
8.97 5.08
8.99 5.08
9.02 5.08
9.04 5.08
9.07 5.08
5.18 5.13
5.21 5.13
5.23 5.13
5.26 5.13
5.28 5.13
5.31 5.13
5.33 5.13
5.36 5.13
5.38 5.13
5.41 5.13
5.44 5.13
5.46 5.13
5.49 5.13
5.51 5.13
8.94 5.13
8.97 5.13
8.99 5.13
9.02 5.13
9.04 5.13
9.07 5.13
5.28 5.18
5.31 5.18
5.33 5.18
5.36 5.18
5.38 5.18
5.41 5.18
5.44 5.18
5.46 5.18
5.49 5.18
5.51 5.18
5.54 5.18
5.56 5.18
5.59 5.18
5.61 5.18
8.94 5.18
8.97 5.18
8.99 5.18
9.02 5.18
9.04 5.18
9.07 5.18
5.38 5.23
5.41 5.23
5.44 5.23
5.46 5.23
5.49 5.23
5.51 5.23
5.54 5.23
5.56 5.23
5.59 5.23
5.61 5.23
5.64 5.23
5.66 5.23
5.69 5.23
5.71 5.23
5.74 5.23
5.77 5.23
8.94 5.23
8.97 5.23
8.99 5.23
9.02 5.23
9.04 5.23
9.07 5.23
5.49 5.28
5.51 5.28
5.54 5.28
5.56 5.28
5.59 5.28
5.61 5.28
5.64 5.28
5.66 5.28
5.69 5.28
5.71 5.28
5.74 5.28
5.77 5.28
5.79 5.28
5.82 5.28
5.84 5.28
5.87 5.28
5.89 5.28
5.92 5.28
5.94 5.28
5.97 5.28
8.94 5.28
8.97 5.28
8.99 5.28
9.02 5.28
9.04 5.28
9.07 5.28
5.59 5.33
5.61 5.33
5.64 5.33
5.66 5.33
5.69 5.33
5.71 5.33
5.74 5.33
5.77 5.33
5.79 5.33
5.82 5.33
5.84 5.33
5.87 5.33
5.89 5.33
5.92 5.33
5.94 5.33
5.97 5.33
5.99 5.33
6.02 5.33
6.05 5.33
6.07 5.33
6.1 5.33
6.12 5.33
6.15 5.33
8.92 5.33
8.94 5.33
8.97 5.33
8.99 5.33
9.02 5.33
9.04 5.33
9.07 5.33
5.74 5.38
5.77 5.38
5.79 5.38
5.82 5.38
5.84 5.38
5.87 5.38
5.89 5.38
5.92 5.38
5.94 5.38
5.97 5.38
5.99 5.38
6.02 5.38
6.05 5.38
6.07 5.38
6.1 5.38
6.12 5.38
6.15 5.38
6.17 5.38
6.2 5.38
6.22 5.38
6.25 5.38
6.27 5.38
6.3 5.38
6.32 5.38
8.92 5.38
8.94 5.38
8.97 5.38
8.99 5.38
9.02 5.38
9.04 5.38
5.92 5.44
5.94 5.44
5.97 5.44
5.99 5.44
6.02 5.44
6.05 5.44
6.07 5.44
6.1 5.44
6.12 5.44
6.15 5.44
6.17 5.44
6.2 5.44
6.22 5.44
6.25 5.44
6.27 5.44
6.3 5.44
6.32 5.44
6.35 5.44
6.38 5.44
6.4 5.44
6.43 5.44
6.45 5.44
6.48 5.44
6.5 5.44
8.89 5.44
8.92 5.44
8.94 5.44
8.97 5.44
8.99 5.44
9.02 5.44
9.04 5.44
6.12 5.49
6.15 5.49
6.17 5.49
6.2 5.49
6.22 5.49
6.25 5.49
6.27 5.49
6.3 5.49
6.32 5.49
6.35 5.49
6.38 5.49
6.4 5.49
6.43 5.49
6.45 5.49
6.48 5.49
6.5 5.49
6.53 5.49
6.55 5.49
6.58 5.49
6.6 5.49
6.63 5.49
6.65 5.49
6.68 5.49
8.86 5.49
8.89 5.49
8.92 5.49
8.94 5.49
8.97 5.49
8.99 5.49
9.02 5.49
6.3 5.54
6.32 5.54
6.35 5.54
6.38 5.54
6.4 5.54
6.43 5.54
6.45 5.54
6.48 5.54
6.5 5.54
6.53 5.54
6.55 5.54
6.58 5.54
6.6 5.54
6.63 5.54
6.65 5.54
6.68 5.54
6.71 5.54
6.73 5.54
6.76 5.54
6.78 5.54
6.81 5.54
6.83 5.54
6.86 5.54
6.88 5.54
6.91 5.54
6.93 5.54
8.84 5.54
8.86 5.54
8.89 5.54
8.92 5.54
8.94 5.54
8.97 5.54
8.99 5.54
6.48 5.59
6.5 5.59
6.53 5.59
6.55 5.59
6.58 5.59
6.6 5.59
6.63 5.59
6.65 5.59
6.68 5.59
6.71 5.59
6.73 5.59
6.76 5.59
6.78 5.59
6.81 5.59
6.83 5.59
6.86 5.59
6.88 5.59
6.91 5.59
6.93 5.59
6.96 5.59
6.99 5.59
7.01 5.59
7.04 5.59
7.06 5.59
7.09 5.59
7.11 5.59
7.14 5.59
7.16 5.59
7.19 5.59
8.84 5.59
8.86 5.59
8.89 5.59
8.92 5.59
8.94 5.59
8.97 5.59
8.99 5.59
6.65 5.64
6.68 5.64
6.71 5.64
6.73 5.64
6.76 5.64
6.78 5.64
6.81 5.64
6.83 5.64
6.86 5.64
6.88 5.64
6.91 5.64
6.93 5.64
6.96 5.64
6.99 5.64
7.01 5.64
7.04 5.64
7.06 5.64
7.09 5.64
7.11 5.64
7.14 5.64
7.16 5.64
7.19 5.64
7.21 5.64
7.24 5.64
7.26 5.64
7.29 5.64
7.32 5.64
7.34 5.64
7.37 5.64
7.39 5.64
7.42 5.64
7.44 5.64
7.47 5.64
8.74 5.64
8.76 5.64
8.79 5.64
8.81 5.64
8.84 5.64
8.86 5.64
8.89 5.64
8.92 5.64
8.94 5.64
8.97 5.64
6.91 5.69
6.93 5.69
6.96 5.69
6.99 5.69
7.01 5.69
7.04 5.69
7.06 5.69
7.09 5.69
7.11 5.69
7.14 5.69
7.16 5.69
7.19 5.69
7.21 5.69
7.24 5.69
7.26 5.69
7.29 5.69
7.32 5.69
7.34 5.69
7.37 5.69
7.39 5.69
7.42 5.69
7.44 5.69
7.47 5.69
7.49 5.69
7.52 5.69
7.54 5.69
7.57 5.69
7.59 5.69
7.62 5.69
7.65 5.69
7.67 5.69
7.7 5.69
7.72 5.69
7.75 5.69
7.77 5.69
7.8 5.69
7.82 5.69
7.85 5.69
8.66 5.69
8.69 5.69
8.71 5.69
8.74 5.69
8.76 5.69
8.79 5.69
8.81 5.69
8.84 5.69
8.86 5.69
8.89 5.69
8.92 5.69
8.94 5.69
7.19 5.74
7.21 5.74
7.24 5.74
7.26 5.74
7.29 5.74
7.32 5.74
7.34 5.74
7.37 5.74
7.39 5.74
7.42 5.74
7.44 5.74
7.47 5.74
7.49 5.74
7.52 5.74
7.54 5.74
7.57 5.74
7.59 5.74
7.62 5.74
7.65 5.74
7.67 5.74
7.7 5.74
7.72 5.74
7.75 5.74
7.77 5.74
7.8 5.74
7.82 5.74
7.85 5.74
7.87 5.74
7.9 5.74
7.92 5.74
7.95 5.74
7.98 5.74
8.0 5.74
8.03 5.74
8.05 5.74
8.08 5.74
8.1 5.74
8.13 5.74
8.15 5.74
8.18 5.74
8.2 5.74
8.23 5.74
8.26 5.74
8.28 5.74
8.31 5.74
8.33 5.74
8.36 5.74
8.38 5.74
8.41 5.74
8.43 5.74
8.46 5.74
8.48 5.74
8.51 5.74
8.53 5.74
8.56 5.74
8.59 5.74
8.61 5.74
8.64 5.74
8.66 5.74
8.69 5.74
8.71 5.74
8.74 5.74
8.76 5.74
8.79 5.74
8.81 5.74
8.84 5.74
8.86 5.74
7.44 5.79
7.47 5.79
7.49 5.79
7.52 5.79
7.54 5.79
7.57 5.79
7.59 5.79
7.62 5.79
7.65 5.79
7.67 5.79
7.7 5.79
7.72 5.79
7.75 5.79
7.77 5.79
7.8 5.79
7.82 5.79
7.85 5.79
7.87 5.79
7.9 5.79
7.92 5.79
7.95 5.79
7.98 5.79
8.0 5.79
8.03 5.79
8.05 5.79
8.08 5.79
8.1 5.79
8.13 5.79
8.15 5.79
8.18 5.79
8.2 5.79
8.23 5.79
8.26 5.79
8.28 5.79
8.31 5.79
8.33 5.79
8.36 5.79
8.38 5.79
8.41 5.79
8.43 5.79
8.46 5.79
8.48 5.79
8.51 5.79
8.53 5.79
8.56 5.79
8.59 5.79
8.61 5.79
8.64 5.79
8.66 5.79
8.69 5.79
8.71 5.79
8.74 5.79
8.76 5.79
7.87 5.84
7.9 5.84
7.92 5.84
7.95 5.84
7.98 5.84
8.0 5.84
8.03 5.84
8.05 5.84
8.08 5.84
8.1 5.84
8.13 5.84
8.15 5.84
8.18 5.84
8.2 5.84
8.23 5.84
8.26 5.84
8.28 5.84
8.31 5.84
8.33 5.84
8.36 5.84
8.38 5.84
8.41 5.84
8.43 5.84
8.46 5.84
8.48 5.84
8.51 5.84
8.53 5.84
8.56 5.84
8.59 5.84
8.61 5.84
8.64 5.84
8.66 5.84
8.69 5.84
